1       0          352
2       1012       1120
3       1971       2093
4       2922       9462
5       3848       27599
6       4861       45704
7       5849       61695
8       6907       78721
9       7908       95830
10      8898       114060
11      9921       131193
12      10943      148312
13      12017      165406
14      13087      182513
15      14086      199624
16      15071      216782
17      16061      234904
18      17067      252006
19      18176      269276
20      19159      286345
21      20170      303443
22      21211      320587
23      22209      337712
24      23195      355901
25      24339      373011
26      25417      390124
27      26420      407222
28      27412      424356
29      28374      441490
30      29335      459621
31      30335      476790
32      31309      493919
33      32256      510993
34      33201      528044
35      34172      545218
36      35154      562305
37      36095      580464
38      37082      597596
39      37991      614713
40      38899      631815
41      39803      648941
42      40722      666038
43      41691      684261
44      42657      701468
45      43592      718642
46      44521      735871
47      45485      753039
48      46421      770186
49      47388      787336
50      48408      804458
51      49371      821535
52      50319      839770
53      51254      856943
54      52207      874175
55      53231      891409
56      54194      908608
57      55172      925736
58      56116      943104
59      57089      960228
60      58026      977431
61      58953      994732
62      59937      1012161
63      60884      1029489
64      61812      1046729
65      62738      1064167
66      63697      1081403
67      64667      1098870
68      65623      1116405
69      66545      1132774
70      67467      1150212
71      68406      1167559
72      69311      1184771
73      70229      1202105
74      71133      1219455
75      72039      1236808
76      72931      1254203
77      73862      1271576
78      74767      1288951
79      75678      1306412
80      76641      1322844
81      77560      1340184
82      78492      1357472
83      79398      1374796
84      80300      1392129
85      81195      1409423
86      82091      1426843
87      82983      1444227
88      83875      1461620
89      84764      1478929
90      85653      1496322
91      86546      1513679
92      87448      1530113
93      88375      1547460
94      89287      1564816
95      90185      1582131
96      91078      1599538
97      91978      1616935
98      92883      1634246
99      93818      1651548
100     94720      1668903
101     95627      1686263
102     96528      1703616
103     97427      1721129
104     98322      1737430
105     99270      1754758
106     100180     1772118
107     101097     1789474
108     102012     1807088
109     102944     1824309
110     103858     1841614
111     104787     1858884
112     105729     1876165
113     106705     1893484
114     107673     1910793
115     108635     1928091
116     109578     1945381
117     110533     1962732
118     111497     1980095
119     112446     1997462
120     113373     2014886
121     114304     2032248
122     115265     2048485
123     116322     2065815
124     117311     2083093
125     118301     2100449
126     119331     2117746
127     120361     2135094
128     121373     2152448
129     122389     2169692
130     123390     2186860
131     124389     2204087
132     125340     2221358
133     126278     2238530
134     127217     2256741
135     128133     2273912
136     129046     2291058
137     129960     2308266
138     130872     2325403
139     131783     2342544
140     132697     2359750
141     133608     2376911
142     134521     2394063
143     135431     2412345
144     136342     2428561
145     137269     2446782
146     138180     2464005
147     139094     2481321
148     140016     2498563
149     140937     2515857
150     141848     2533150
151     142758     2550373
152     143669     2567584
153     144578     2584786
154     145487     2602015
155     146399     2619235
156     147309     2636416
157     148221     2653578
158     149125     2670778
159     150035     2687921
160     150940     2706096
161     151851     2723362
162     152778     2740632
163     153714     2757921
164     154623     2774212
165     155541     2791680
166     156446     2809048
167     157351     2826312
168     158250     2843730
169     159169     2861042
170     160078     2878460
171     160996     2895862
172     161900     2913208
173     162805     2930665
174     163711     2947053
175     164633     2965302
176     165543     2982589
177     166541     2998969
178     167545     3016384
179     168537     3033706
180     169448     3050772
181     170349     3068134
182     171242     3085413
183     172130     3102893
184     173019     3120239
185     173934     3137604
186     174857     3155024
187     175758     3172255
188     176651     3189606
189     177545     3206935
190     178436     3224382
191     179340     3241269
192     180252     3258610
193     181159     3275979
194     182095     3293389
195     183015     3310711
196     183935     3328075
197     184853     3345567
198     185774     3361868
199     186691     3379433
200     187596     3397045
201     188517     3413619
202     189498     3431205
203     190459     3448640
204     191377     3466037
205     192289     3483551
206     193200     3500960
207     194092     3518284
208     195002     3534580
209     195916     3551934
210     196854     3569309
211     197771     3586671
212     198680     3603979
213     199586     3621299
214     200573     3638674
215     201545     3655924
216     202509     3673291
217     203426     3690815
218     204343     3708308
219     205255     3724878
220     206158     3742279
221     207100     3759619
222     208088     3776981
223     209013     3794338
224     209916     3811668
225     210853     3829028
226     211752     3846429
227     212644     3862790
228     213543     3880970
229     214432     3898181
230     215320     3915527
231     216209     3932890
232     217097     3950440
233     218008     3966854
234     218915     3984167
235     219822     4001542
236     220777     4018791
237     221719     4035932
238     222617     4053124
239     223523     4070257
240     224523     4087506
241     225448     4104923
242     226384     4122333
243     227289     4139674
244     228199     4156967
245     229105     4174388
246     230010     4191691
247     230919     4208885
248     231814     4226188
249     232801     4243551
250     233741     4260892
251     234650     4278347
252     235555     4295810
253     236448     4313137
254     237406     4329572
255     238323     4346859
256     240114     4364170
257     241134     4381641
258     242060     4399060
259     242956     4416403
260     243847     4433827
261     244747     4451322
262     245649     4468698
263     246593     4485009
264     247493     4502281
265     248396     4519656
266     249283     4536920
267     250167     4554259
268     251056     4571537
269     251942     4588807
270     252839     4606045
271     253742     4623426
272     254645     4640765
273     255546     4657980
274     256481     4675230
275     257393     4692440
276     258282     4709611
277     259168     4727751
278     260110     4744903
279     261036     4762128
280     262009     4779507
281     262981     4796841
282     263879     4814158
283     264785     4830570
284     265721     4847867
285     266628     4866122
286     267590     4883426
287     268546     4900709
288     269518     4917996
289     270508     4935210
290     271500     4952425
291     272495     4969715
292     273487     4986969
293     274446     5004259
294     275407     5023320
295     276343     5038659
296     277307     5055723
297     278314     5072807
298     279303     5090118
299     280283     5107461
300     281267     5124880
301     282256     5142097
302     283250     5159348
303     284241     5176694
304     285202     5193957
305     286194     5211274
306     287120     5228609
307     288011     5245925
308     288919     5263175
309     289804     5280316
310     290709     5297553
311     291615     5314807
312     292518     5332006
313     293427     5349157
314     294339     5366318
315     295269     5383524
316     296160     5401712
317     297060     5418870
318     297961     5436260
319     298863     5453673
320     299769     5469995
321     300671     5487230
322     301575     5505484
323     302477     5521842
324     303379     5539306
325     304287     5556615
326     305194     5573881
327     306173     5591137
328     307158     5608536
329     308096     5625946
330     309033     5643161
331     309969     5660386
332     310930     5677673
333     311891     5694925
334     312849     5712056
335     313835     5729211
336     314870     5746500
337     315834     5763683
338     316874     5781909
339     317830     5799281
340     318751     5816576
341     319690     5832815
342     320611     5851082
343     321546     5868391
344     322468     5885649
345     323420     5902960
346     324331     5919280
347     325238     5936547
348     326144     5953793
349     327058     5971088
350     327994     5988365
351     328950     6005617
352     329868     6023907
353     330784     6042103
354     331721     6058199
355     332644     6075522
356     333562     6092905
357     334476     6110269
358     335384     6126631
359     336288     6143819
360     337241     6161124
361     338197     6178534
362     339129     6195746
363     340054     6213037
364     341012     6230365
365     341931     6247692
366     342847     6265051
367     343771     6282465
368     344680     6299815
369     345609     6317293
370     346601     6334635
371     347541     6352079
372     348463     6369427
373     349375     6386790
374     350280     6403090
375     351176     6420466
376     352086     6437835
377     352995     6455192
378     353898     6472525
379     354799     6489935
380     355708     6507308
381     356657     6524761
382     357588     6542040
383     358538     6559575
384     359459     6577157
385     361454     6593471
386     362418     6610796
387     363332     6627969
388     364227     6645227
389     365128     6662421
390     366046     6679664
391     366940     6696940
392     367846     6714256
393     368750     6731752
394     369661     6748999
395     370563     6766503
396     371464     6783882
397     372368     6801290
398     373265     6818684
399     374171     6835061
400     375072     6852365
401     375974     6869675
402     376884     6886990
403     377789     6904272
404     378702     6921672
405     379608     6938972
406     380508     6956256
407     381413     6973425
408     382323     6990635
409     383226     7007962
410     384120     7025397
411     385007     7042763
412     385892     7060074
413     386775     7077404
414     387658     7094742
415     388543     7112076
416     389420     7129457
417     390379     7146763
418     391405     7164149
419     392380     7181618
420     393375     7198922
421     394331     7215302
422     395234     7232821
423     396121     7250148
424     397012     7267478
425     397902     7284895
426     398796     7302260
427     399744     7319736
428     400688     7337173
429     401649     7353451
430     402607     7370768
431     403567     7388093
432     404473     7405467
433     405371     7422858
434     406273     7440282
435     407200     7457576
436     408106     7474804
437     409022     7491966
438     409927     7509184
439     410818     7526373
440     411710     7543520
441     412604     7561768
442     413500     7578915
443     414475     7596094
444     415439     7613313
445     416409     7631530
446     417377     7647668
447     418350     7664863
448     419304     7682041
449     420245     7699199
450     421187     7716331
451     422131     7734536
452     423073     7751774
453     424034     7768087
454     425003     7785801
455     425928     7803226
456     426851     7820584
457     427752     7837811
458     428648     7855199
459     429543     7872531
460     430481     7889931
461     431393     7907181
462     432297     7924641
463     433213     7941977
464     434117     7958329
465     435006     7975663
466     435906     7992965
467     436793     8010287
468     437684     8027729
469     438570     8045024
470     439466     8062377
471     440356     8079669
472     441261     8096842
473     442161     8114005
474     443061     8131188
475     443973     8148300
476     444942     8166530
477     446004     8183652
478     446956     8200821
479     447855     8218329
480     448864     8234729
481     449793     8252018
482     450759     8269358
483     451724     8286735
484     452679     8304069
485     453620     8321393
486     454558     8338752
487     455502     8356100
488     456437     8373404
489     457391     8390723
490     458330     8408002
491     459262     8425263
492     460218     8442555
493     461176     8459885
494     462119     8477266
495     463060     8494443
496     463998     8511731
497     464938     8529097
498     465877     8546385
499     466816     8563695
500     467757     8580955
501     468713     8598324
502     469674     8615706
503     470620     8633143
504     471630     8649439
505     472644     8666725
506     473659     8684044
507     474712     8701357
508     475683     8718738
509     476755     8736040
510     477809     8753407
511     480149     8770739
512     481242     8788123
513     482262     8805545
514     483249     8822878
515     484250     8840117
516     485263     8857539
517     486273     8874911
518     487272     8892239
519     488216     8909766
520     489148     8926154
521     490075     8943405
522     491051     8960643
523     492009     8977853
524     492901     8995199
525     493785     9012578
526     494685     9029888
527     495564     9047236
528     496446     9064582
529     497323     9081966
530     498197     9099308
531     499070     9116568
532     499943     9133979
533     500819     9151224
534     501692     9168484
535     502565     9185876
536     503438     9203228
537     504310     9220596
538     505182     9237943
539     506059     9254248
540     506930     9271551
541     507801     9288996
542     508675     9306249
543     509547     9323541
544     510417     9340806
545     511287     9357969
546     512159     9375353
547     513031     9392711
548     513901     9410098
549     514773     9427408
550     515643     9444594
551     516540     9461989
552     517434     9479312
553     518303     9496536
554     519205     9513891
555     520112     9531271
556     521011     9548496
557     521905     9565769
558     522775     9583154
559     523669     9600451
560     524562     9617720
561     525456     9635001
562     526355     9652324
563     527227     9669617
564     528101     9686940
565     528974     9704314
566     529846     9721563
567     530726     9738983
568     531602     9756349
569     532479     9773642
570     533355     9790030
571     534238     9807367
572     535114     9824606
573     535991     9841972
574     536865     9859294
575     537737     9876649
576     538612     9894022
577     539486     9911240
578     540360     9928642
579     541237     9945943
580     542129     9963244
581     543044     9980612
582     543993     9997949
583     544918     10015297
584     545828     10032576
585     546727     10049714
586     547625     10067055
587     548523     10084367
588     549420     10101848
589     550319     10118261
590     551221     10135574
591     552149     10152926
592     553062     10170358
593     553959     10187682
594     554856     10205005
595     555753     10222353
596     556656     10239717
597     557622     10257161
598     558521     10274553
599     559419     10292051
600     560317     10308324
601     561213     10325680
602     562108     10342987
603     563006     10360292
604     563905     10377664
605     564803     10394979
606     565702     10412368
607     566616     10429681
608     567543     10447131
609     568470     10464503
610     569412     10481946
611     570323     10499397
612     571228     10515679
613     572110     10533070
614     572995     10550442
615     573903     10567799
616     574869     10585192
617     575790     10602625
618     576694     10619971
619     577586     10637257
620     578463     10654565
621     579362     10671856
622     580319     10689152
623     581292     10706574
624     582254     10724065
625     583207     10740381
626     584113     10757806
627     585032     10775115
628     585923     10792478
629     586844     10809842
630     587726     10827277
631     588609     10844639
632     589487     10862031
633     590378     10879474
634     591324     10895865
635     592321     10913121
636     593288     10930535
637     594245     10947906
638     595196     10965127
639     596160     10982317
640     597118     10999736
641     598021     11017043
642     598912     11034308
643     599834     11051618
644     600743     11068824
645     601665     11086014
646     602588     11103230
647     603491     11121348
648     604390     11138478
649     605354     11155706
650     606279     11173031
651     607193     11190156
652     608108     11207622
653     609001     11225360
654     609907     11241689
655     610814     11259073
656     611710     11276507
657     612626     11293797
658     613576     11311133
659     614575     11328540
660     615571     11345868
661     616501     11363195
662     617442     11380675
663     618375     11396926
664     619291     11415279
665     620213     11431546
666     621140     11448797
667     622048     11466094
668     622954     11483419
669     623877     11500753
670     624781     11518190
671     625685     11535523
672     626599     11552866
673     627515     11570176
674     628411     11587442
675     629312     11604751
676     630208     11622093
677     631105     11639341
678     632002     11656664
679     632901     11674082
680     633780     11691419
681     634654     11708871
682     635526     11726303
683     636399     11742582
684     637272     11760055
685     638146     11777422
686     639024     11794737
687     639897     11812187
688     640770     11829538
689     641670     11846829
690     642543     11864329
691     643415     11881640
692     644292     11898918
693     645185     11915374
694     646079     11932741
695     646971     11950053
696     647870     11967523
697     648844     11984902
698     649785     12002270
699     650679     12019673
700     651573     12037117
701     652465     12054461
702     653357     12071782
703     654249     12089145
704     655140     12105445
705     656031     12122880
706     656924     12140119
707     657848     12157436
708     658739     12174782
709     659633     12192095
710     660524     12209445
711     661414     12226822
712     662305     12244078
713     663198     12261502
714     664096     12278823
715     664989     12296152
716     665919     12313449
717     666854     12330702
718     667787     12347919
719     668717     12365283
720     669641     12382587
721     670553     12399890
722     671465     12417305
723     672409     12434757
724     673300     12451022
725     674198     12468519
726     675095     12485835
727     676020     12503175
728     676894     12520707
729     677766     12537971
730     678638     12555273
731     679568     12572657
732     680511     12589989
733     681423     12607308
734     682329     12624722
735     683234     12642141
736     684138     12658426
737     685052     12675775
738     685955     12693236
739     686856     12710587
740     687758     12727972
741     688661     12745225
742     689568     12762439
743     690474     12779635
744     691377     12796757
745     692290     12813904
746     693205     12832095
747     694106     12849287
748     695008     12866414
749     695912     12883530
750     696813     12900675
751     697713     12917825
752     698614     12934964
753     699527     12952107
754     700432     12970300
755     701334     12987565
756     702266     13004725
757     703138     13021915
758     704034     13039159
759     704934     13056170
760     705838     13073149
761     706743     13091178
762     707648     13108242
763     708520     13125222
764     709393     13142223
765     710266     13160223
766     711139     13177226
767     712037     13194262
768     712938     13211401
769     713839     13229069
770     714740     13246392
771     715635     13263667
772     716510     13281109
773     717450     13298505
774     718383     13315779
775     719262     13332280
776     720134     13349593
777     721008     13366901
778     721916     13384326
779     722815     13401704
780     723709     13419079
781     724581     13436447
782     725474     13453838
783     726344     13471132
784     727215     13488436
785     728085     13505803
786     728955     13523139
787     729825     13540616
788     730701     13557943
789     731575     13574272
790     732445     13591579
791     733316     13608782
792     734187     13626105
793     735084     13643383
794     736013     13660724
795     736923     13678090
796     737873     13695406
797     738787     13712718
798     739685     13730067
799     740582     13747299
800     741522     13764640
801     742424     13781985
802     743345     13799243
803     744270     13816601
804     745169     13834077
805     746106     13851347
806     747018     13868634
807     747912     13886075
808     748874     13903526
809     749807     13920747
810     750711     13937448
811     751609     13954753
812     752507     13971997
813     753409     13989423
814     754308     14006714
815     755207     14023846
816     756105     14041309
817     757003     14058570
818     757923     14075789
819     758829     14093006
820     759755     14110385
821     760677     14127650
822     761576     14144947
823     762475     14162235
824     763375     14179560
825     764302     14196985
826     765201     14214461
827     766102     14231857
828     767002     14248207
829     767922     14265624
830     768820     14283011
831     769718     14300367
832     770616     14317601
833     771516     14334970
834     772421     14352265
835     773357     14369549
836     774259     14386979
837     775156     14404327
838     776054     14421576
839     776952     14438938
840     777851     14456255
841     778759     14473656
842     779673     14491118
843     780618     14507409
844     781528     14524713
845     782428     14542107
846     783328     14559428
847     784226     14576714
848     785139     14594069
849     786037     14611313
850     786937     14628569
851     787835     14645952
852     788736     14663270
853     789645     14680552
854     790541     14698011
855     791454     14715302
856     792416     14732526
857     793318     14749924
858     794232     14767267
859     795159     14784573
860     796057     14801818
861     796957     14819250
862     797857     14836576
863     798757     14852993
864     799656     14870335
865     800555     14887726
866     801453     14905212
867     802352     14922561
868     803302     14939914
869     804202     14957329
870     805102     14974633
871     806000     14991841
872     806898     15009159
873     807795     15026581
874     808698     15043922
875     809597     15061188
876     810498     15078290
877     811398     15095823
878     812297     15112326
879     813195     15129604
880     814096     15146907
881     814995     15164315
882     815893     15181609
883     816790     15198869
884     817691     15216380
885     818592     15233685
886     819497     15251070
887     820396     15268550
888     821284     15286008
889     822184     15302443
890     823083     15319841
891     824039     15337097
892     824954     15354432
893     825866     15371720
894     826796     15389058
895     827725     15406539
896     828657     15423984
897     829575     15441360
898     830545     15457773
899     831489     15475127
900     832388     15492371
901     833288     15509826
902     834189     15527166
903     835092     15544462
904     835991     15561922
905     836891     15579221
906     837790     15596624
907     838687     15614029
908     839586     15631351
909     840564     15648666
910     841464     15665083
911     842362     15683449
912     843258     15699707
913     844155     15717919
914     845053     15735174
915     845952     15752474
916     846848     15768783
917     847747     15786034
918     848661     15803542
919     849556     15820919
920     850456     15838224
921     851353     15855622
922     852252     15873018
923     853150     15890353
924     854046     15907778
925     854945     15925157
926     855858     15942481
927     856759     15959946
928     857675     15976227
929     858573     15993544
930     859472     16010931
931     860372     16028258
932     861270     16045533
933     862166     16062919
934     863064     16080239
935     863971     16097495
936     864925     16115168
937     865820     16131694
938     866716     16148984
939     867614     16166354
940     868510     16183683
941     869406     16200956
942     870308     16218265
943     871209     16235673
944     872108     16252926
945     873005     16270344
946     873969     16287617
947     874866     16304912
948     875768     16322345
949     876667     16339603
950     877566     16356969
951     878463     16374290
952     879389     16391651
953     880290     16408996
954     881188     16426442
955     882100     16442696
956     882999     16459986
957     883904     16477403
958     884802     16494818
959     885699     16512198
960     886602     16529613
961     887502     16546900
962     888398     16564244
963     889298     16581597
964     890195     16598830
965     891163     16616130
966     892061     16633637
967     892957     16650916
968     893853     16668346
969     894779     16684807
970     895678     16702112
971     896579     16719528
972     897476     16736946
973     898375     16754300
974     899273     16771674
975     900171     16789124
976     901069     16806599
977     901968     16822917
978     902868     16840301
979     903765     16857682
980     904663     16875158
981     905560     16892455
982     906468     16909777
983     907368     16927145
984     908271     16944487
985     909170     16961747
986     910065     16978956
987     910961     16996265
988     911895     17013583
989     912801     17030914
990     913703     17048050
991     914603     17065222
992     915528     17082496
993     916463     17099795
994     917378     17117179
995     918289     17134580
996     919188     17151886
997     920082     17169276
998     920982     17185726
999     921878     17203049
1000    922778     17220357
