1       0          75796
2       1065       77878
3       2116       78992
4       3150       83081
5       4138       88169
6       5135       93256
7       6124       98350
8       7112       103491
9       8164       108678
10      9146       112775
11      10118      117853
12      11053      122940
13      11981      128029
14      12901      133118
15      13820      138215
16      14767      143293
17      15681      148375
18      16603      153462
19      17532      157535
20      18458      162611
21      19377      167678
22      20303      172745
23      21229      177827
24      22155      182922
25      23179      188028
26      24105      193121
27      25009      197218
28      25910      202333
29      26815      207409
30      27734      212553
31      28643      217841
32      29552      222985
33      30479      227077
34      31408      232178
35      32328      237244
36      33323      242323
37      34244      247461
38      35149      252585
39      36050      257685
40      36949      261761
41      37848      266828
42      38747      271906
43      39661      276982
44      40565      282064
45      41459      287151
46      42413      292271
47      43399      297373
48      44375      301433
49      45300      306498
50      46215      311589
51      47136      316650
52      48051      321719
53      48963      326783
54      49876      331894
55      50788      337041
56      51734      342158
57      52644      346248
58      53569      351382
59      54473      356463
60      55429      361552
61      56339      366715
62      57256      371915
63      58184      376046
64      59103      381140
65      60042      386248
66      60947      391339
67      61860      396556
68      62752      401726
69      63648      405835
70      64546      410874
71      65479      415998
72      66373      421122
73      67284      426254
74      68194      431366
75      69104      436460
76      70014      440542
77      70936      445626
78      71906      450725
79      72872      455810
80      73841      460937
81      74823      466067
82      75772      471200
83      76732      475315
84      77671      480402
85      78641      485511
86      79574      490706
87      80519      495417
88      81458      500550
89      82390      505769
90      83316      510963
91      84245      515085
92      85180      520163
93      86105      525312
94      87030      530391
95      87951      535517
96      88872      540653
97      89803      544762
98      90745      549881
99      91700      554957
100     92649      560029
101     93581      565111
102     94514      570218
103     95443      575510
104     96431      579610
105     97377      584731
106     98315      589938
107     99260      595035
108     100209     600274
109     101133     604423
110     102052     609532
111     102970     614636
112     103873     619743
113     104774     624851
114     105682     629978
115     106583     635104
116     107507     639185
117     108459     644256
118     109447     649309
119     110471     654376
120     111472     659457
121     112450     664577
122     113421     669684
123     114401     674895
124     115370     678982
125     116336     684067
126     117300     689181
127     118282     694350
128     119248     699623
129     120210     703780
130     121163     708866
131     122120     713914
132     123081     719058
133     124042     724238
134     125007     729391
135     126022     733512
136     127001     738614
137     127981     743736
138     128965     748833
139     129938     755003
140     130925     759193
141     131894     763345
142     132834     768432
143     133749     773528
144     134661     778626
145     135565     783839
146     136470     788982
147     137407     793077
148     138323     798164
149     139215     803253
150     140151     808402
151     141070     813492
152     141984     818650
153     142876     823782
154     143768     827847
155     144661     832971
156     145551     838091
157     146445     843206
158     147334     848386
159     148228     854571
160     149124     857665
161     150087     862757
162     151012     867888
163     151916     873000
164     152811     878119
165     153730     883220
166     154637     888387
167     155599     892458
168     156540     897556
169     157510     902660
170     158485     907756
171     159470     912913
172     160424     918078
173     161368     922176
174     162298     927318
175     163219     932438
176     164135     937645
177     165044     942898
178     165954     947171
179     166864     952241
180     167772     957388
181     168677     962638
182     169580     967868
183     170478     972001
184     171385     977191
185     172294     982440
186     173195     987672
187     174094     991878
188     174994     997045
189     175894     1002003
190     176796     1007198
191     177708     1012365
192     178639     1016487
193     179559     1021603
194     180472     1026746
195     181385     1031882
196     182345     1037063
197     183306     1042280
198     184262     1046420
199     185272     1051547
200     186237     1056649
201     187158     1061820
202     188071     1067003
203     188977     1072165
204     189883     1076260
205     190834     1081399
206     191742     1086550
207     192681     1091732
208     193662     1097033
209     194597     1101208
210     195516     1106343
211     196442     1111697
212     197372     1115847
213     198317     1121031
214     199252     1126367
215     200251     1131671
216     201198     1135871
217     202130     1141193
218     203053     1146488
219     203970     1150660
220     204887     1155877
221     205805     1161079
222     206733     1166416
223     207651     1170638
224     208567     1175903
225     209489     1181157
226     210432     1186343
227     211388     1190513
228     212327     1195659
229     213288     1200954
230     214205     1206205
231     215161     1210389
232     216105     1215570
233     217050     1220834
234     217976     1226065
235     218932     1230244
236     219879     1235439
237     220855     1240717
238     221833     1245986
239     222845     1250190
240     223763     1255394
241     224676     1260686
242     225590     1264827
243     226548     1270012
244     227502     1275240
245     228494     1280431
246     229422     1285658
247     230337     1289830
248     231249     1295000
249     232207     1300274
250     233149     1305512
251     234067     1309777
252     234989     1314996
253     235917     1320240
254     236861     1324509
255     237790     1329742
256     239666     1335100
257     240621     1339456
258     241553     1344691
259     242482     1350013
260     243463     1355188
261     244430     1359414
262     245423     1364688
263     246443     1369956
264     247424     1374087
265     248432     1379344
266     249460     1384564
267     250453     1389890
268     251447     1394079
269     252445     1399319
270     253441     1404589
271     254374     1408820
272     255291     1414021
273     256195     1419213
274     257105     1424518
275     258015     1428702
276     258930     1433907
277     259843     1439124
278     260752     1444378
279     261659     1448613
280     262559     1453912
281     263465     1459261
282     264370     1463523
283     265279     1468773
284     266183     1474131
285     267091     1478393
286     267998     1483512
287     268907     1488598
288     269811     1493696
289     270719     1498873
290     271626     1504029
291     272532     1508130
292     273438     1513248
293     274347     1518337
294     275252     1523467
295     276168     1528762
296     277076     1532975
297     277984     1538167
298     278921     1543326
299     279808     1548531
300     280696     1553715
301     281602     1557861
302     282508     1562981
303     283414     1568135
304     284326     1573380
305     285232     1577593
306     286137     1582819
307     287042     1588090
308     287936     1593410
309     288840     1597649
310     289748     1602889
311     290656     1608107
312     291560     1612363
313     292486     1617597
314     293398     1622841
315     294315     1628077
316     295237     1633261
317     296152     1637393
318     297059     1642531
319     297965     1647631
320     298888     1652906
321     299798     1658095
322     300703     1662273
323     301608     1667330
324     302515     1672429
325     303420     1677563
326     304331     1682746
327     305248     1686860
328     306131     1691987
329     307024     1697066
330     307917     1702174
331     308825     1707415
332     309739     1712634
333     310645     1716773
334     311577     1721922
335     312541     1727096
336     313453     1732240
337     314349     1737392
338     315275     1741484
339     316172     1746635
340     317062     1751777
341     317962     1756937
342     318855     1762200
343     319748     1766339
344     320638     1771485
345     321532     1776620
346     322423     1781854
347     323320     1787090
348     324209     1791288
349     325104     1796513
350     325992     1801751
351     326877     1807074
352     327777     1811302
353     328669     1816539
354     329553     1821892
355     330449     1826058
356     331338     1831305
357     332237     1836546
358     333138     1841857
359     334028     1846088
360     334989     1851277
361     335919     1856486
362     336825     1860665
363     337734     1865865
364     338644     1871041
365     339552     1876313
366     340474     1881591
367     341363     1885802
368     342251     1891048
369     343145     1896318
370     344036     1900500
371     344926     1905725
372     345842     1911100
373     346751     1915314
374     347692     1920517
375     348643     1925758
376     349598     1931042
377     350553     1935281
378     351464     1940473
379     352383     1945761
380     353319     1951039
381     354234     1955172
382     355142     1960320
383     356069     1965441
384     356973     1970814
385     358770     1975009
386     359702     1980225
387     360619     1985494
388     361529     1990776
389     362468     1994928
390     363381     2000133
391     364287     2005401
392     365198     2009649
393     366121     2014886
394     367030     2020116
395     367943     2025401
396     368851     2029567
397     369769     2034778
398     370682     2039986
399     371596     2045207
400     372551     2049348
401     373521     2054498
402     374560     2059677
403     375491     2064867
404     376408     2070086
405     377321     2074230
406     378233     2079356
407     379144     2084458
408     380054     2089469
409     380999     2094472
410     381909     2099512
411     382849     2104620
412     383777     2109902
413     384711     2114116
414     385626     2119254
415     386540     2124585
416     387449     2128804
417     388362     2133931
418     389275     2139130
419     390203     2144340
420     391113     2149649
421     392023     2153811
422     392985     2159022
423     393903     2164304
424     394827     2169533
425     395734     2173689
426     396647     2178881
427     397558     2184137
428     398475     2189336
429     399381     2193482
430     400289     2198684
431     401196     2203896
432     402110     2209179
433     403020     2213344
434     403931     2218482
435     404840     2223724
436     405753     2229044
437     406690     2233253
438     407607     2238425
439     408514     2243768
440     409424     2247931
441     410334     2253096
442     411254     2258304
443     412246     2263588
444     413219     2268806
445     414175     2272978
446     415097     2278094
447     415999     2283200
448     416934     2288399
449     417851     2293655
450     418756     2297773
451     419664     2302871
452     420585     2307998
453     421502     2313283
454     422417     2318508
455     423329     2322663
456     424304     2327869
457     425224     2333190
458     426121     2337384
459     427084     2343908
460     428062     2348202
461     429056     2352424
462     430020     2357639
463     430983     2362890
464     431940     2368123
465     432893     2372310
466     433843     2377548
467     434788     2382784
468     435692     2388021
469     436593     2392144
470     437555     2397469
471     438468     2402855
472     439368     2406969
473     440265     2412211
474     441163     2417452
475     442096     2422666
476     443075     2426821
477     444061     2431874
478     445034     2437058
479     445990     2442324
480     446952     2447550
481     447928     2451685
482     448881     2456786
483     449842     2461959
484     450802     2467235
485     451744     2471348
486     452690     2476476
487     453641     2481598
488     454587     2486715
489     455544     2491946
490     456514     2497355
491     457475     2501453
492     458470     2506667
493     459440     2512047
494     460429     2516150
495     461372     2521358
496     462296     2526553
497     463297     2531823
498     464268     2536042
499     465231     2541258
500     466201     2546427
501     467152     2551694
502     468141     2555885
503     469114     2561190
504     470087     2566434
505     471061     2571671
506     472035     2575846
507     473066     2581032
508     474069     2586288
509     475026     2591534
510     476042     2595729
511     478087     2600923
512     479072     2606150
513     480018     2612424
514     480919     2615636
515     481813     2620856
516     482725     2625994
517     483637     2631169
518     484544     2635279
519     485472     2640389
520     486503     2645518
521     487474     2650896
522     488440     2659397
523     489377     2660489
524     490297     2665805
525     491245     2670996
526     492163     2675185
527     493094     2680381
528     494016     2685700
529     494955     2690902
530     495898     2695114
531     496864     2700393
532     497811     2705613
533     498776     2709793
534     499721     2715027
535     500685     2720246
536     501679     2725545
537     502668     2729816
538     503622     2734936
539     504589     2740223
540     505559     2745455
541     506477     2749699
542     507409     2754879
543     508343     2760155
544     509274     2765425
545     510188     2769591
546     511118     2774777
547     512048     2779983
548     512949     2785231
549     513880     2789360
550     514775     2794558
551     515660     2799878
552     516584     2805062
553     517496     2809264
554     518404     2814478
555     519308     2819696
556     520200     2825018
557     521086     2829279
558     521994     2834506
559     522882     2839748
560     523768     2843939
561     524651     2849075
562     525560     2854334
563     526482     2859577
564     527388     2863772
565     528301     2868909
566     529217     2874043
567     530139     2879252
568     531052     2884493
569     531954     2888613
570     532858     2893747
571     533757     2898870
572     534656     2904158
573     535566     2909406
574     536442     2913551
575     537317     2918776
576     538192     2924080
577     539067     2928306
578     539940     2933500
579     540817     2938709
580     541700     2944019
581     542575     2948180
582     543448     2953436
583     544344     2958656
584     545241     2963891
585     546139     2968075
586     547036     2973255
587     547934     2978478
588     548830     2983734
589     549776     2987853
590     550725     2993060
591     551659     2998282
592     552589     3003569
593     553519     3007776
594     554451     3012937
595     555352     3018164
596     556253     3023464
597     557219     3027635
598     558183     3032850
599     559101     3038037
600     560027     3043343
601     560952     3047504
602     561857     3052639
603     562759     3057754
604     563662     3063010
605     564563     3068285
606     565475     3072464
607     566379     3077679
608     567255     3082914
609     568140     3088073
610     569031     3092270
611     569907     3097530
612     570780     3102727
613     571655     3107707
614     572528     3112761
615     573400     3117794
616     574289     3122840
617     575203     3126939
618     576117     3131969
619     577017     3137211
620     577911     3142536
621     578808     3146770
622     579705     3151981
623     580607     3157122
624     581539     3162387
625     582443     3166608
626     583343     3171861
627     584246     3177093
628     585156     3182337
629     586103     3186527
630     587003     3191700
631     587938     3196845
632     588841     3202131
633     589740     3208301
634     590707     3211442
635     591606     3216635
636     592507     3221926
637     593407     3227111
638     594308     3231344
639     595208     3236544
640     596138     3241868
641     597053     3246087
642     598000     3251253
643     598927     3256483
644     599855     3261713
645     600787     3265874
646     601717     3271082
647     602656     3276254
648     603576     3281509
649     604491     3286730
650     605389     3290909
651     606292     3296058
652     607195     3301244
653     608101     3306440
654     609055     3310588
655     609984     3315798
656     610902     3320997
657     611810     3326297
658     612719     3330502
659     613626     3335715
660     614528     3340858
661     615462     3346169
662     616365     3350325
663     617268     3355575
664     618172     3360784
665     619076     3366086
666     619979     3370257
667     620880     3375424
668     621769     3380639
669     622748     3385929
670     623695     3390121
671     624653     3395277
672     625565     3400418
673     626463     3405663
674     627373     3410938
675     628283     3415076
676     629187     3420233
677     630092     3425504
678     631022     3430783
679     631929     3434981
680     632849     3440197
681     633761     3445438
682     634665     3449592
683     635567     3454830
684     636467     3460090
685     637366     3465314
686     638273     3469535
687     639173     3474710
688     640063     3479920
689     640961     3485217
690     641859     3489349
691     642774     3494528
692     643678     3499647
693     644581     3504877
694     645495     3510124
695     646423     3514256
696     647331     3519428
697     648240     3524633
698     649170     3529889
699     650060     3534101
700     650963     3539312
701     651863     3544514
702     652762     3549749
703     653660     3553988
704     654561     3559185
705     655460     3564350
706     656363     3569583
707     657295     3573808
708     658184     3579001
709     659083     3584164
710     659988     3589385
711     660888     3594634
712     661789     3598784
713     662691     3603931
714     663589     3609164
715     664486     3614424
716     665379     3618601
717     666280     3623805
718     667156     3629132
719     668031     3633333
720     668908     3638522
721     669784     3643763
722     670659     3649045
723     671556     3653233
724     672431     3658399
725     673306     3663563
726     674182     3668805
727     675080     3674043
728     676010     3678264
729     676921     3683444
730     677841     3688695
731     678770     3692867
732     679668     3698053
733     680566     3703231
734     681465     3708461
735     682364     3713652
736     683261     3717784
737     684179     3722918
738     685133     3728176
739     686039     3733402
740     686946     3738625
741     687822     3742775
742     688697     3748002
743     689574     3753297
744     690448     3757500
745     691321     3762713
746     692229     3767923
747     693110     3773310
748     694030     3777370
749     694906     3782576
750     695780     3787727
751     696659     3792997
752     697534     3797208
753     698409     3802417
754     699286     3807628
755     700191     3812850
756     701095     3818102
757     702025     3822243
758     702906     3827377
759     703786     3832703
760     704684     3836899
761     705562     3842123
762     706470     3847274
763     707345     3852484
764     708250     3857816
765     709126     3861980
766     710038     3867107
767     710915     3872338
768     711792     3877590
769     712698     3881695
770     713574     3886895
771     714500     3892039
772     715409     3897228
773     716377     3902427
774     717290     3906592
775     718224     3911750
776     719128     3916949
777     720064     3922156
778     721037     3926304
779     722003     3931524
780     722927     3936758
781     723836     3942003
782     724807     3946156
783     725710     3951312
784     726644     3957171
785     727546     3961448
786     728511     3966730
787     729417     3971919
788     730390     3976151
789     731321     3981353
790     732247     3986578
791     733182     3991790
792     734137     3995976
793     735041     4001155
794     735997     4006382
795     736949     4011573
796     737861     4015714
797     738813     4020869
798     739719     4026071
799     740687     4031316
800     741596     4035537
801     742534     4040751
802     743441     4045973
803     744373     4051269
804     745248     4055483
805     746154     4060701
806     747028     4065918
807     747935     4071195
808     748809     4075332
809     749693     4080548
810     750571     4085742
811     751446     4090925
812     752354     4096119
813     753227     4100251
814     754134     4105384
815     755035     4110515
816     755981     4115693
817     756946     4120895
818     757868     4125036
819     758813     4130261
820     759720     4135492
821     760688     4140745
822     761590     4144892
823     762543     4150150
824     763449     4155399
825     764401     4159644
826     765274     4164777
827     766192     4169907
828     767065     4175037
829     767967     4180350
830     768841     4184532
831     769714     4189754
832     770591     4194879
833     771466     4200114
834     772373     4205342
835     773248     4209502
836     774158     4214640
837     775060     4219884
838     776021     4225135
839     776952     4229266
840     777858     4234473
841     778791     4239584
842     779702     4244767
843     780656     4249964
844     781597     4254083
845     782538     4259204
846     783441     4264393
847     784373     4269718
848     785279     4273922
849     786229     4279144
850     787134     4284375
851     788065     4289565
852     788974     4293711
853     789932     4298849
854     790895     4304054
855     791804     4309328
856     792760     4314579
857     793666     4318717
858     794651     4323830
859     795525     4329027
860     796429     4334253
861     797303     4338371
862     798210     4343612
863     799084     4348776
864     799995     4354059
865     800869     4359302
866     801743     4363497
867     802619     4368617
868     803492     4373882
869     804414     4379094
870     805320     4383314
871     806273     4388531
872     807194     4393742
873     808149     4398969
874     809052     4403088
875     809998     4408238
876     810929     4413448
877     811837     4418698
878     812823     4422865
879     813745     4428081
880     814692     4433261
881     815632     4438504
882     816545     4443678
883     817436     4447793
884     818358     4452947
885     819235     4458057
886     820145     4463242
887     821023     4468444
888     821929     4472549
889     822805     4477742
890     823684     4482991
891     824620     4488301
892     825576     4492560
893     826532     4497686
894     827465     4502898
895     828389     4508211
896     829315     4512406
897     830220     4517609
898     831151     4522799
899     832105     4528029
900     833079     4532184
901     834036     4537343
902     834945     4542549
903     835829     4547765
904     836706     4551903
905     837581     4557123
906     838485     4562349
907     839360     4567643
908     840267     4571785
909     841143     4576994
910     842075     4582211
911     842987     4587442
912     843912     4591660
913     844788     4596899
914     845702     4602011
915     846628     4607207
916     847529     4612533
917     848466     4616699
918     849366     4621873
919     850298     4627111
920     851204     4632380
921     852117     4636544
922     853050     4641744
923     853993     4646962
924     854940     4651203
925     855845     4656404
926     856761     4661548
927     857663     4666813
928     858642     4672114
929     859615     4676324
930     860565     4681582
931     861466     4686839
932     862400     4691044
933     863300     4696260
934     864235     4701518
935     865135     4706766
936     866112     4710933
937     867039     4716157
938     867999     4721409
939     868952     4726640
940     869934     4730833
941     870870     4736033
942     871800     4741270
943     872755     4746470
944     873655     4750603
945     874643     4755818
946     875581     4760996
947     876493     4766293
948     877401     4770494
949     878308     4775714
950     879220     4780924
951     880127     4786207
952     881031     4790427
953     881955     4795644
954     882858     4800850
955     883766     4806156
956     884675     4810337
957     885580     4815498
958     886482     4820686
959     887382     4825910
960     888282     4830019
961     889239     4835129
962     890137     4840236
963     891050     4845433
964     891963     4850712
965     892862     4854832
966     893771     4859965
967     894675     4865176
968     895577     4870464
969     896478     4875726
970     897388     4879940
971     898340     4885107
972     899250     4890444
973     900147     4894685
974     901052     4899886
975     901960     4905074
976     902861     4910374
977     903773     4914560
978     904678     4919718
979     905595     4924995
980     906529     4930241
981     907447     4934397
982     908352     4939585
983     909261     4944858
984     910162     4950024
985     911065     4954197
986     911975     4959346
987     912881     4964587
988     913799     4969845
989     914702     4973962
990     915604     4979171
991     916509     4984376
992     917413     4989604
993     918324     4993835
994     919235     4999057
995     920132     5004206
996     921088     5009447
997     922017     5014735
998     922928     5018873
999     923837     5024038
1000    924713     5029279
