1       0          101908
2       1075       101980
3       2063       103097
4       3138       104241
5       4099       105365
6       5106       106541
7       6131       106681
8       7051       107866
9       7968       110060
10      8879       112249
11      9793       115454
12      10694      117607
13      11592      119751
14      12501      121910
15      13417      124042
16      14333      126177
17      15250      129300
18      16149      131420
19      17058      133520
20      17966      135663
21      18963      137721
22      20072      140881
23      21041      142974
24      21962      145061
25      22876      147109
26      23794      150242
27      24721      152388
28      25634      154474
29      26540      156537
30      27449      158596
31      28373      161692
32      29375      163769
33      30400      165860
34      31382      167938
35      32309      171083
36      33232      173191
37      34153      175245
38      35068      177301
39      36017      180390
40      36959      182475
41      37896      184615
42      38867      186698
43      39803      188768
44      40719      191862
45      41629      193922
46      42529      196008
47      43449      198072
48      44369      201182
49      45297      203317
50      46232      205388
51      47165      207478
52      48097      210678
53      49016      212862
54      49925      214974
55      50854      217038
56      51761      219109
57      52827      222205
58      53752      224279
59      54668      226324
60      55601      228391
61      56574      231484
62      57684      233576
63      58653      235640
64      59649      237689
65      60722      240787
66      63863      242883
67      65150      244931
68      66158      246981
69      67250      250085
70      68287      252172
71      69372      254247
72      70460      256281
73      71517      259371
74      72461      261461
75      73371      263526
76      74267      265596
77      75175      268711
78      76073      270842
79      77022      272935
80      77931      275005
81      78835      277063
82      79735      280192
83      80638      282282
84      81537      284357
85      82440      286427
86      83356      289526
87      84251      291631
88      85150      293797
89      86052      295853
90      86963      297950
91      87865      301059
92      88763      303187
93      89659      305254
94      90557      307348
95      91449      310548
96      92341      312655
97      93241      314796
98      94218      316894
99      95216      318978
100     96154      322145
101     97193      324253
102     98151      326349
103     99156      328413
104     100101     330485
105     101042     333606
106     101979     335712
107     103002     337793
108     103986     339848
109     104958     342963
110     105905     345125
111     106891     347226
112     107938     349312
113     108951     351394
114     110012     354485
115     111079     356730
116     112049     358771
117     113043     360858
118     114059     363974
119     115051     366162
120     116042     368315
121     116989     370412
122     117915     372510
123     118853     374620
124     119800     377764
125     120819     379863
126     121818     381963
127     122848     384032
128     123827     387204
129     124863     389373
130     125861     391506
131     126808     393592
132     127740     395692
133     128664     398867
134     129577     401015
135     130482     403156
136     131395     405240
137     132299     407320
138     133214     410501
139     134126     412752
140     135086     414920
141     136090     417119
142     137044     419364
143     137992     421559
144     138992     423759
145     140011     425896
146     141045     428098
147     142018     431355
148     143047     434670
149     144011     435793
150     144983     437975
151     145950     440152
152     146902     442327
153     147847     444510
154     148799     446627
155     149753     449822
156     150714     451969
157     151714     454113
158     152806     456234
159     153806     458282
160     154789     461355
161     155768     463427
162     156737     465515
163     157710     467582
164     158704     470731
165     159666     472835
166     160650     474902
167     161588     476982
168     162520     480087
169     163440     482219
170     164348     484280
171     165272     486358
172     166180     489008
173     167120     491071
174     168037     493134
175     169063     496222
176     170011     498302
177     171021     500359
178     172023     502451
179     173010     505562
180     173989     507646
181     174972     509705
182     175949     511766
183     176919     514923
184     177843     517014
185     178754     519207
186     179673     521282
187     180615     523399
188     181530     526565
189     182439     528693
190     183414     530802
191     184337     532886
192     185285     534952
193     186313     538017
194     187319     540102
195     188254     542148
196     189175     544230
197     190082     547350
198     190987     549436
199     191890     552061
200     192794     554280
201     193706     556376
202     194644     558444
203     195588     560517
204     196509     563601
205     197428     565711
206     198342     567774
207     199252     569833
208     200182     572912
209     201110     575005
210     202042     577070
211     202969     579130
212     203897     582230
213     204850     584325
214     205769     586392
215     206671     588448
216     207595     591533
217     208523     593613
218     209471     595674
219     210421     597720
220     211426     600817
221     212412     602908
222     213434     604965
223     214354     607029
224     215261     610115
225     216171     612201
226     217075     614258
227     217974     616312
228     218939     619416
229     219874     621489
230     220783     623550
231     221686     625585
232     222590     628680
233     223489     630774
234     224436     632805
235     225393     634868
236     226347     636987
237     227256     640082
238     228177     642169
239     229092     644253
240     230035     646318
241     230994     649481
242     231935     651571
243     232888     653709
244     233802     655786
245     234727     658916
246     235647     661077
247     236636     663179
248     237579     665250
249     238493     667350
250     239424     670569
251     240343     672743
252     241251     674910
253     242168     677042
254     243092     679093
255     244034     681162
256     245838     684414
257     246783     686605
258     247695     688764
259     248619     690846
260     249534     692912
261     250451     696057
262     251399     698249
263     252335     700452
264     253273     702558
265     254189     704625
266     255102     706716
267     256010     709819
268     256916     711940
269     257822     713994
270     258726     716043
271     259631     719139
272     260560     721241
273     261469     723312
274     262385     725415
275     263274     728596
276     264179     730717
277     265088     732839
278     265995     734912
279     266895     737040
280     267810     740154
281     268702     742254
282     269629     744323
283     270524     746410
284     271487     748510
285     272399     751722
286     273371     753840
287     274286     755923
288     275180     757982
289     276074     761107
290     276964     763287
291     277853     765445
292     278743     767521
293     279697     769617
294     280653     771744
295     281612     774874
296     282526     776972
297     283459     779061
298     284377     781177
299     285313     783323
300     286241     786450
301     287182     788583
302     288113     790649
303     289020     792711
304     289936     795813
305     290851     797925
306     291765     800007
307     292700     802110
308     293610     805184
309     294513     807325
310     295439     810404
311     296347     811476
312     297250     813520
313     298164     816644
314     299079     818768
315     299989     820818
316     300903     822932
317     301811     826088
318     302740     828238
319     303657     830305
320     304621     832384
321     305566     834430
322     306511     837584
323     307452     839730
324     308398     841807
325     309344     843899
326     310287     846007
327     311317     849202
328     312255     851351
329     313223     853439
330     314165     855564
331     315162     857688
332     316107     860861
333     317140     863013
334     318105     865115
335     319053     867231
336     319978     869285
337     320891     872423
338     321814     874596
339     322746     876672
340     323665     878697
341     324594     881858
342     325586     884088
343     326541     886254
344     327474     888365
345     328392     890455
346     329296     892549
347     330204     895720
348     331135     897770
349     332062     899840
350     332973     901937
351     333883     905033
352     334792     907144
353     335715     909231
354     336652     911306
355     337563     913421
356     338475     916546
357     339380     918793
358     340287     920807
359     341193     922867
360     342082     925947
361     342985     928075
362     343947     930127
363     344956     932180
364     345930     934253
365     346843     937391
366     347751     939573
367     348661     941665
368     349582     943759
369     350487     946887
370     351397     949005
371     352310     951065
372     353219     953135
373     354108     955203
374     355009     958270
375     355921     960330
376     356837     962428
377     357750     964465
378     358665     967602
379     359570     969786
380     360477     971855
381     361414     973899
382     362341     977016
383     363279     979133
384     364219     981305
385     367214     983388
386     368216     985481
387     369146     988638
388     370075     990747
389     370997     992834
390     371944     994901
391     372869     997029
392     373843     1000173
393     374765     1002314
394     375703     1004392
395     376612     1006475
396     377544     1009594
397     378447     1011680
398     379353     1013786
399     380262     1015905
400     381309     1018021
401     382273     1021185
402     383264     1023299
403     384196     1025400
404     385110     1027536
405     386030     1029661
406     386975     1032852
407     387920     1035031
408     388824     1037181
409     389746     1039274
410     390652     1042350
411     391566     1043459
412     392469     1046608
413     393377     1048730
414     394282     1050827
415     395221     1052884
416     396128     1055990
417     397039     1058096
418     397941     1060165
419     398842     1062253
420     399775     1064345
421     400694     1067502
422     401595     1069612
423     402512     1071781
424     403418     1073805
425     404323     1076931
426     405311     1079029
427     406257     1081095
428     407200     1083196
429     408157     1085284
430     409091     1088434
431     410007     1090580
432     410917     1092696
433     411828     1094779
434     412766     1096842
435     413686     1099990
436     414582     1102123
437     415488     1104212
438     416391     1106309
439     417287     1109520
440     418266     1111614
441     419236     1113747
442     420170     1115833
443     421081     1117926
444     421990     1121095
445     422897     1123223
446     423848     1125379
447     424765     1127495
448     425675     1129601
449     426585     1131707
450     427493     1134930
451     428382     1137124
452     429342     1139326
453     430301     1141435
454     431305     1143533
455     432302     1145725
456     433217     1148946
457     434130     1151186
458     435043     1153402
459     435956     1155638
460     436907     1157817
461     437865     1159922
462     438769     1162055
463     439679     1165290
464     440600     1167500
465     441534     1170779
466     442449     1171904
467     443365     1174042
468     444305     1176214
469     445218     1178373
470     446168     1181551
471     447085     1183781
472     447995     1185969
473     448913     1188175
474     449831     1190336
475     450799     1192507
476     451736     1194642
477     452637     1196772
478     453584     1199914
479     454495     1202430
480     455428     1204597
481     456345     1206787
482     457288     1208974
483     458180     1211087
484     459066     1213199
485     459949     1215392
486     460830     1218635
487     461736     1220927
488     462648     1223108
489     463554     1225274
490     464457     1227418
491     465380     1229581
492     466359     1231780
493     467317     1233970
494     468227     1237211
495     469140     1239414
496     470050     1241584
497     470943     1243784
498     471856     1246919
499     472759     1248068
500     473712     1250224
501     474654     1253466
502     475572     1255631
503     476461     1257835
504     477401     1259968
505     478313     1262176
506     479222     1265437
507     480131     1266578
508     481163     1269794
509     482137     1272038
510     483104     1274270
511     485796     1276436
512     486823     1278567
513     487791     1280767
514     488714     1282936
515     489640     1285152
516     490561     1288353
517     491473     1290603
518     492406     1292794
519     493414     1295017
520     494389     1297181
521     495353     1299332
522     496316     1301514
523     497311     1304687
524     498295     1306910
525     499265     1309070
526     500194     1311253
527     501094     1313368
528     502012     1315478
529     502952     1317597
530     503881     1320805
531     504792     1322992
532     505707     1325215
533     506625     1327339
534     507529     1329440
535     508465     1331542
536     509376     1334810
537     510277     1337014
538     511226     1339255
539     512139     1341442
540     513080     1343555
541     514014     1345671
542     515026     1347776
543     516035     1350991
544     517023     1353192
545     517959     1355393
546     519048     1357502
547     520045     1359612
548     521058     1361717
549     522039     1364903
550     523046     1367100
551     524031     1369239
552     525007     1371360
553     525989     1373485
554     526987     1375585
555     527986     1378823
556     529004     1381083
557     530002     1383309
558     531006     1385590
559     532002     1387826
560     533007     1389989
561     534016     1392122
562     534960     1394278
563     535938     1397475
564     536846     1399696
565     537738     1401970
566     538653     1404206
567     539554     1406438
568     540466     1408567
569     541395     1410669
570     542295     1412775
571     543181     1415970
572     544130     1418358
573     545129     1420556
574     546060     1422772
575     547003     1424889
576     547917     1427014
577     548837     1429133
578     549758     1432364
579     550655     1434546
580     551575     1436782
581     553204     1438985
582     554146     1441102
583     555070     1443215
584     555990     1445312
585     556905     1448530
586     557826     1450766
587     558724     1452991
588     559653     1455291
589     560570     1457488
590     561480     1459683
591     562384     1461851
592     563303     1464019
593     564202     1466162
594     565090     1469372
595     565997     1471616
596     566904     1473833
597     567807     1476059
598     568707     1478184
599     569596     1480309
600     570493     1482428
601     571392     1485676
602     572276     1487890
603     573180     1490124
604     574073     1492266
605     575052     1494410
606     575963     1496572
607     576875     1498703
608     577773     1501923
609     578664     1504139
610     579572     1506354
611     580465     1508491
612     581370     1510618
613     582283     1512761
614     583194     1515952
615     584104     1518155
616     585008     1520397
617     585910     1522594
618     586812     1524707
619     587716     1526799
620     588619     1528909
621     589519     1532203
622     590418     1534304
623     591331     1536481
624     592232     1538627
625     593127     1540810
626     594036     1542932
627     594938     1546147
628     595835     1548307
629     596734     1550501
630     597636     1552656
631     598524     1554790
632     599422     1556901
633     600316     1560074
634     601212     1562269
635     602108     1564474
636     603007     1566630
637     603902     1568805
638     604804     1571991
639     605702     1574146
640     606601     1576360
641     607499     1578491
642     608400     1580663
643     609296     1582838
644     610195     1584991
645     611092     1587129
646     611999     1589275
647     612898     1592489
648     613800     1594626
649     614697     1596782
650     615593     1598920
651     616488     1601062
652     617402     1603219
653     618299     1606494
654     619198     1608682
655     620094     1610841
656     620989     1612979
657     621893     1615142
658     622790     1617299
659     623692     1619477
660     624589     1622715
661     625500     1624889
662     626390     1627048
663     627288     1629206
664     628185     1631357
665     629084     1633511
666     629983     1636755
667     630879     1638945
668     631775     1641164
669     632697     1643361
670     633581     1645516
671     634476     1647662
672     635370     1649804
673     636272     1651990
674     637172     1655183
675     638076     1657373
676     638989     1659584
677     639911     1661763
678     640808     1663943
679     641710     1666101
680     642609     1668260
681     643510     1671498
682     644417     1673710
683     645321     1675973
684     646221     1678160
685     647161     1680289
686     648064     1682427
687     648968     1684540
688     649874     1687752
689     650776     1689976
690     651675     1692125
691     652576     1694250
692     653508     1696404
693     654448     1698543
694     655325     1702313
695     656199     1703428
696     657071     1705530
697     657943     1708754
698     658887     1710954
699     659767     1713079
700     660642     1716236
701     661518     1717378
702     662392     1720566
703     663266     1721694
704     664139     1724873
705     665049     1727100
706     665923     1729233
707     666798     1731376
708     667674     1734521
709     668553     1735648
710     669501     1738800
711     670416     1741004
712     671383     1743147
713     672289     1745283
714     673193     1747399
715     674094     1749511
716     674995     1752755
717     675911     1754967
718     676881     1757093
719     677810     1759224
720     678760     1761428
721     679714     1763643
722     680616     1765796
723     681520     1769009
724     682450     1771231
725     683377     1773435
726     684315     1775540
727     685251     1777687
728     686159     1779810
729     687094     1783055
730     687996     1785238
731     688897     1787395
732     689775     1789566
733     690708     1791706
734     691676     1793866
735     692614     1797036
736     693555     1799189
737     694487     1801382
738     695436     1803491
739     696342     1805652
740     697253     1807769
741     698161     1809888
742     699085     1813074
743     699989     1815264
744     700892     1817422
745     701812     1819560
746     702742     1821657
747     703663     1824904
748     704589     1827133
749     705534     1829316
750     706451     1831525
751     707355     1833628
752     708281     1835814
753     709184     1837905
754     710089     1841094
755     710982     1843281
756     711889     1845482
757     712888     1847661
758     713802     1849816
759     714706     1851945
760     715621     1854051
761     716516     1857230
762     717414     1859455
763     718303     1861683
764     719211     1863852
765     720127     1866049
766     721049     1868182
767     721953     1870341
768     722876     1873590
769     723787     1875855
770     724714     1878053
771     725620     1880245
772     726548     1882347
773     727472     1884457
774     728401     1886580
775     729357     1889766
776     730274     1891947
777     731188     1894120
778     732115     1896259
779     733074     1898363
780     734050     1900456
781     734968     1903668
782     735885     1905853
783     736794     1908028
784     737701     1910184
785     738609     1912303
786     739520     1914439
787     740427     1917627
788     741333     1919832
789     742247     1922016
790     743168     1924141
791     744108     1926263
792     745054     1928381
793     745976     1931570
794     746881     1933765
795     747781     1935889
796     748687     1938016
797     749597     1940112
798     750500     1943303
799     751451     1945490
800     752409     1947738
801     753311     1949930
802     754216     1952057
803     755127     1954200
804     756032     1956312
805     756939     1959451
806     757859     1961631
807     758778     1963819
808     759682     1965900
809     760622     1968024
810     761528     1970105
811     762431     1973265
812     763334     1975417
813     764236     1977545
814     765164     1979650
815     766077     1981761
816     766955     1984921
817     767829     1987140
818     768703     1989362
819     769581     1991525
820     770529     1993676
821     771424     1995812
822     772306     1999056
823     773189     2001249
824     774066     2003471
825     774942     2005662
826     775820     2007793
827     776747     2009979
828     777670     2012124
829     778580     2014273
830     779490     2017487
831     780407     2019701
832     781342     2021952
833     782274     2024119
834     783194     2026286
835     784141     2028449
836     785059     2030651
837     785980     2033891
838     786908     2036113
839     787824     2038335
840     788738     2040563
841     789639     2042787
842     790540     2044943
843     791447     2047166
844     792352     2049378
845     793255     2051607
846     794159     2053815
847     795061     2057040
848     795964     2059278
849     796870     2061473
850     797775     2063673
851     798697     2065843
852     799624     2067982
853     800556     2070151
854     801470     2072321
855     802371     2075560
856     803272     2077783
857     804169     2079984
858     805100     2082159
859     806008     2084302
860     806909     2086508
861     807891     2088632
862     808839     2091821
863     809747     2094056
864     810675     2096244
865     811579     2098364
866     812485     2100464
867     813403     2102604
868     814316     2105781
869     815219     2108013
870     816119     2110251
871     817022     2112461
872     817939     2114569
873     818843     2116659
874     819758     2118772
875     820675     2121968
876     821578     2124168
877     822479     2126378
878     823385     2128507
879     824286     2130679
880     825186     2132821
881     826087     2136018
882     826963     2138203
883     827835     2140411
884     828713     2142509
885     829588     2144617
886     830461     2146808
887     831362     2150019
888     832235     2152222
889     833140     2154386
890     834015     2156531
891     834929     2158632
892     835831     2160734
893     836733     2163925
894     837635     2166100
895     838540     2168403
896     839456     2170628
897     840357     2172825
898     841252     2174929
899     842129     2177030
900     843002     2179132
901     843879     2182355
902     844753     2184586
903     845629     2186847
904     846502     2188987
905     847376     2191138
906     848251     2193284
907     849204     2195475
908     850152     2198680
909     851078     2200895
910     852022     2203130
911     852939     2205362
912     853854     2207508
913     854772     2209695
914     855703     2211866
915     856629     2213987
916     857576     2217160
917     858511     2218997
918     859423     2221114
919     860327     2224298
920     861227     2226480
921     862128     2228661
922     863036     2230871
923     863943     2233015
924     864846     2235146
925     865746     2237330
926     866670     2240572
927     867572     2242825
928     868472     2245025
929     869371     2247252
930     870279     2249465
931     871181     2251602
932     872081     2253792
933     872983     2255941
934     873884     2258127
935     874785     2261351
936     875688     2263580
937     876600     2265813
938     877522     2267954
939     878423     2270075
940     879326     2272247
941     880228     2274421
942     881133     2277626
943     882034     2279847
944     882936     2282090
945     883838     2284283
946     884738     2286429
947     885655     2288535
948     886558     2290643
949     887459     2293829
950     888360     2296041
951     889277     2298218
952     890190     2300356
953     891089     2302472
954     891992     2304586
955     892887     2307773
956     893786     2309988
957     894720     2312174
958     895630     2314314
959     896586     2316449
960     897501     2318651
961     898396     2321853
962     899344     2324079
963     900243     2326284
964     901148     2328497
965     902053     2330603
966     902961     2332759
967     903864     2335894
968     904837     2338046
969     905772     2340249
970     906687     2342479
971     907603     2344678
972     908510     2346845
973     909415     2348982
974     910327     2351143
975     911252     2354347
976     912229     2356598
977     913137     2358805
978     914046     2361006
979     914949     2363109
980     915854     2365205
981     916795     2367313
982     917739     2370514
983     918663     2372700
984     919643     2374916
985     920535     2377053
986     921412     2379156
987     922287     2381248
988     923164     2384443
989     924046     2386673
990     924949     2388849
991     925850     2390946
992     926758     2393059
993     927768     2395155
994     928742     2398374
995     929675     2400609
996     930573     2402827
997     931522     2404977
998     932453     2407138
999     933453     2409350
1000    934376     2411536
