1       158363351092 158363351552
2       80578      158363432044
3       80567      158363512936
4       81157      158363593626
5       80326      158363674019
6       80452      158363754392
7       80351      158363834719
8       80289      158363915011
9       80294      158363995422
10      80415      158364075768
11      80347      158364156166
12      80399      158364236488
13      80305      158364316865
14      80393      158364397247
15      80439      158364477637
16      80300      158364557904
17      80303      158364638220
18      80282      158364718553
19      80408      158364798957
20      80349      158364879863
21      81220      158364960502
22      80317      158365040817
23      80336      158365121165
24      80319      158365201478
25      80317      158365282045
