16:03:49
2167184477896713
1     1221  210         
2     5     210         
3     29    210         
4     29    210         
5     30    210         
6     29    210         
7     30    210         
8     29    210         
9     29    210         
10    32    210         
11    29    210         
12    30    210         
13    30    210         
14    29    210         
15    29    210         
16    29    210         
17    30    210         
18    30    210         
19    29    210         
20    29    210         
21    30    210         
22    29    210         
23    30    210         
24    29    210         
25    29    210         
26    29    210         
27    30    210         
28    29    210         
29    30    210         
30    30    210         
31    30    210         
32    30    210         
33    29    210         
34    29    210         
35    29    210         
36    30    210         
37    30    210         
38    29    210         
39    30    210         
40    29    210         
41    29    210         
42    29    210         
43    30    210         
44    29    210         
45    30    210         
46    30    210         
47    29    210         
48    29    210         
49    29    210         
50    30    210         
51    30    210         
52    30    210         
53    30    210         
54    29    210         
55    29    210         
56    30    210         
57    30    210         
58    30    210         
59    30    210         
60    29    210         
61    29    210         
62    29    210         
63    30    210         
64    29    210         
65    30    210         
66    29    210         
67    29    210         
68    30    210         
69    29    210         
70    30    210         
71    30    210         
72    30    210         
73    30    210         
74    29    210         
75    30    210         
76    29    210         
77    29    210         
78    29    210         
79    30    210         
80    30    210         
81    29    210         
82    29    210         
83    29    210         
84    29    210         
85    30    210         
86    30    210         
87    29    210         
88    30    210         
89    29    210         
90    29    210         
91    29    210         
92    30    210         
93    30    210         
94    29    210         
95    29    210         
96    30    210         
97    29    210         
98    29    210         
99    30    210         
100   30    210         
101   29    210         
102   29    210         
103   30    210         
104   29    210         
105   29    210         
106   30    210         
107   30    210         
108   30    210         
109   29    210         
110   30    210         
111   29    210         
112   29    210         
113   30    210         
114   29    210         
115   29    210         
116   30    210         
117   29    210         
118   30    210         
119   30    210         
120   29    210         
121   30    210         
122   29    210         
123   29    210         
124   29    210         
125   30    210         
126   29    210         
127   29    210         
128   30    210         
129   29    210         
130   29    210         
131   30    210         
132   29    210         
133   29    210         
134   29    210         
135   29    210         
136   30    210         
137   30    210         
138   30    210         
139   29    210         
140   30    210         
141   30    210         
142   29    210         
143   29    210         
144   30    210         
145   29    210         
146   30    210         
147   29    210         
148   29    210         
149   30    210         
150   29    210         
151   29    210         
152   29    210         
153   29    210         
154   30    210         
155   29    210         
156   30    210         
157   29    210         
158   29    210         
159   29    210         
160   29    210         
161   30    210         
162   30    210         
163   30    210         
164   29    210         
165   30    210         
166   30    210         
167   29    210         
168   30    210         
169   29    210         
170   30    210         
171   29    210         
172   29    210         
173   30    210         
174   29    210         
175   29    210         
176   29    210         
177   30    210         
178   29    210         
179   29    210         
180   30    210         
181   29    210         
182   29    210         
183   29    210         
184   30    210         
185   30    210         
186   29    210         
187   30    210         
188   30    210         
189   29    210         
190   30    210         
191   29    210         
192   29    210         
193   30    210         
194   29    210         
195   29    210         
196   30    210         
197   29    210         
198   30    210         
199   29    210         
200   30    210         
201   29    210         
202   29    210         
203   30    210         
204   30    210         
205   29    210         
206   30    210         
207   30    210         
208   30    210         
209   29    210         
210   29    210         
211   29    210         
212   29    210         
213   30    210         
214   29    210         
215   29    210         
216   30    210         
217   29    210         
218   30    210         
219   30    210         
220   29    210         
221   30    210         
222   29    210         
223   30    210         
224   29    210         
225   29    210         
226   29    210         
227   40    210         
228   31    210         
229   29    210         
230   29    210         
231   30    210         
232   29    210         
233   29    210         
234   30    210         
235   29    210         
236   30    210         
237   29    210         
238   29    210         
239   30    210         
240   30    210         
241   30    210         
242   29    210         
243   30    210         
244   29    210         
245   29    210         
246   30    210         
247   30    210         
248   29    210         
249   30    210         
250   29    210         
251   30    210         
252   29    210         
253   29    210         
254   30    210         
255   29    210         
256   30    210         
257   30    210         
258   29    210         
259   30    210         
260   30    210         
261   30    210         
262   29    210         
263   29    210         
264   29    210         
265   29    210         
266   30    210         
267   29    210         
268   30    210         
269   29    210         
270   30    210         
271   29    210         
272   29    210         
273   29    210         
274   30    210         
275   29    210         
276   30    210         
277   29    210         
278   30    210         
279   29    210         
280   30    210         
281   29    210         
282   30    210         
283   30    210         
284   30    210         
285   29    210         
286   30    210         
287   29    210         
288   29    210         
289   30    210         
290   30    210         
291   29    210         
292   30    210         
293   29    210         
294   30    210         
295   29    210         
296   30    210         
297   29    210         
298   30    210         
299   30    210         
300   29    210         
301   29    210         
302   29    210         
303   30    210         
304   29    210         
305   29    210         
306   30    210         
307   29    210         
308   29    210         
309   30    210         
310   30    210         
311   29    210         
312   30    210         
313   29    210         
314   29    210         
315   30    210         
316   29    210         
317   30    210         
318   30    210         
319   30    210         
320   30    210         
321   29    210         
322   29    210         
323   29    210         
324   30    210         
325   29    210         
326   30    210         
327   29    210         
328   29    210         
329   29    210         
330   30    210         
331   29    210         
332   29    210         
333   29    210         
334   30    210         
335   29    210         
336   30    210         
337   29    210         
338   30    210         
339   29    210         
340   30    210         
341   29    210         
342   29    210         
343   29    210         
344   29    210         
345   30    210         
346   30    210         
347   29    210         
348   29    210         
349   30    210         
350   29    210         
351   30    210         
352   29    210         
353   30    210         
354   29    210         
355   29    210         
356   30    210         
357   29    210         
358   29    210         
359   30    210         
360   29    210         
361   30    210         
362   29    210         
363   29    210         
364   29    210         
365   30    210         
366   30    210         
367   29    210         
368   30    210         
369   30    210         
370   29    210         
371   30    210         
372   29    210         
373   30    210         
374   30    210         
375   30    210         
376   29    210         
377   29    210         
378   29    210         
379   29    210         
380   30    210         
381   34    210         
382   28    210         
383   29    210         
384   29    210         
385   30    210         
386   29    210         
387   30    210         
388   29    210         
389   30    210         
390   29    210         
391   29    210         
392   30    210         
393   29    210         
394   30    210         
395   30    210         
396   29    210         
397   30    210         
398   29    210         
399   29    210         
400   30    210         
401   30    210         
402   30    210         
403   29    210         
404   29    210         
405   30    210         
406   30    210         
407   29    210         
408   29    210         
409   29    210         
410   36    210         
411   29    210         
412   29    210         
413   29    210         
414   30    210         
415   30    210         
416   29    210         
417   30    210         
418   30    210         
419   30    210         
420   29    210         
421   29    210         
422   30    210         
423   29    210         
424   30    210         
425   29    210         
426   29    210         
427   30    210         
428   29    210         
429   30    210         
430   29    210         
431   29    210         
432   30    210         
433   30    210         
434   29    210         
435   29    210         
436   30    210         
437   29    210         
438   30    210         
439   30    210         
440   30    210         
441   29    210         
442   29    210         
443   30    210         
444   30    210         
445   30    210         
446   29    210         
447   29    210         
448   30    210         
449   29    210         
450   30    210         
451   29    210         
452   30    210         
453   29    210         
454   30    210         
455   29    210         
456   30    210         
457   30    210         
458   29    210         
459   30    210         
460   30    210         
461   29    210         
462   30    210         
463   30    210         
464   30    210         
465   29    210         
466   30    210         
467   30    210         
468   29    210         
469   30    210         
470   29    210         
471   30    210         
472   29    210         
473   29    210         
474   30    210         
475   29    210         
476   30    210         
477   29    210         
478   30    210         
479   29    210         
480   29    210         
481   30    210         
482   30    210         
483   29    210         
484   30    210         
485   30    210         
486   29    210         
487   30    210         
488   29    210         
489   30    210         
490   29    210         
491   32    210         
492   30    210         
493   29    210         
494   29    210         
495   30    210         
496   29    210         
497   30    210         
498   29    210         
499   30    210         
500   30    210         
501   29    210         
502   29    210         
503   29    210         
504   30    210         
505   30    210         
506   29    210         
507   30    210         
508   29    210         
509   30    210         
510   30    210         
511   29    210         
512   30    210         
513   29    210         
514   30    210         
515   30    210         
516   29    210         
517   29    210         
518   29    210         
519   30    210         
520   30    210         
521   29    210         
522   29    210         
523   30    210         
524   45    210         
525   29    210         
526   29    210         
527   29    210         
528   29    210         
529   30    210         
530   29    210         
531   30    210         
532   29    210         
533   29    210         
534   30    210         
535   30    210         
536   30    210         
537   29    210         
538   29    210         
539   29    210         
540   29    210         
541   30    210         
542   30    210         
543   29    210         
544   30    210         
545   29    210         
546   29    210         
547   30    210         
548   29    210         
549   30    210         
550   30    210         
551   29    210         
552   30    210         
553   30    210         
554   30    210         
555   32    210         
556   29    210         
557   30    210         
558   29    210         
559   29    210         
560   30    210         
561   29    210         
562   29    210         
563   30    210         
564   30    210         
565   30    210         
566   29    210         
567   30    210         
568   29    210         
569   30    210         
570   29    210         
571   30    210         
572   30    210         
573   29    210         
574   29    210         
575   29    210         
576   30    210         
577   30    210         
578   29    210         
579   30    210         
580   30    210         
581   29    210         
582   30    210         
583   29    210         
584   30    210         
585   30    210         
586   30    210         
587   29    210         
588   29    210         
589   29    210         
590   30    210         
591   29    210         
592   29    210         
593   29    210         
594   30    210         
595   29    210         
596   30    210         
597   29    210         
598   30    210         
599   29    210         
600   30    210         
601   30    210         
602   29    210         
603   29    210         
604   29    210         
605   30    210         
606   29    210         
607   29    210         
608   29    210         
609   30    210         
610   29    210         
611   29    210         
612   30    210         
613   30    210         
614   29    210         
615   30    210         
616   30    210         
617   29    210         
618   29    210         
619   30    210         
620   30    210         
621   29    210         
622   30    210         
623   29    210         
624   29    210         
625   29    210         
626   30    210         
627   29    210         
628   30    210         
629   30    210         
630   29    210         
631   30    210         
632   29    210         
633   30    210         
634   29    210         
635   30    210         
636   29    210         
637   30    210         
638   30    210         
639   36    210         
640   25    210         
641   29    210         
642   29    210         
643   30    210         
644   29    210         
645   30    210         
646   30    210         
647   30    210         
648   30    210         
649   29    210         
650   29    210         
651   29    210         
652   30    210         
653   30    210         
654   29    210         
655   30    210         
656   29    210         
657   30    210         
658   30    210         
659   29    210         
660   29    210         
661   30    210         
662   29    210         
663   29    210         
664   29    210         
665   29    210         
666   29    210         
667   29    210         
668   30    210         
669   29    210         
670   30    210         
671   29    210         
672   30    210         
673   30    210         
674   29    210         
675   30    210         
676   29    210         
677   29    210         
678   29    210         
679   29    210         
680   30    210         
681   29    210         
682   28    210         
683   30    210         
684   30    210         
685   30    210         
686   29    210         
687   30    210         
688   30    210         
689   29    210         
690   29    210         
691   29    210         
692   30    210         
693   29    210         
694   29    210         
695   29    210         
696   30    210         
697   29    210         
698   29    210         
699   30    210         
700   30    210         
701   29    210         
702   29    210         
703   30    210         
704   29    210         
705   30    210         
706   29    210         
707   29    210         
708   30    210         
709   29    210         
710   30    210         
711   29    210         
712   30    210         
713   29    210         
714   29    210         
715   30    210         
716   29    210         
717   30    210         
718   29    210         
719   30    210         
720   29    210         
721   30    210         
722   29    210         
723   30    210         
724   29    210         
725   30    210         
726   30    210         
727   29    210         
728   29    210         
729   29    210         
730   29    210         
731   30    210         
732   30    210         
733   29    210         
734   30    210         
735   29    210         
736   29    210         
737   30    210         
738   30    210         
739   29    210         
740   30    210         
741   29    210         
742   30    210         
743   29    210         
744   30    210         
745   30    210         
746   30    210         
747   30    210         
748   29    210         
749   29    210         
750   30    210         
751   29    210         
752   30    210         
753   29    210         
754   29    210         
755   30    210         
756   29    210         
757   29    210         
758   29    210         
759   30    210         
760   30    210         
761   29    210         
762   29    210         
763   29    210         
764   30    210         
765   29    210         
766   30    210         
767   29    210         
768   30    210         
769   30    210         
770   29    210         
771   30    210         
772   30    210         
773   30    210         
774   29    210         
775   29    210         
776   29    210         
777   29    210         
778   29    210         
779   30    210         
780   30    210         
781   30    210         
782   30    210         
783   29    210         
784   30    210         
785   29    210         
786   30    210         
787   29    210         
788   30    210         
789   29    210         
790   29    210         
791   29    210         
792   30    210         
793   29    210         
794   30    210         
795   29    210         
796   30    210         
797   29    210         
798   30    210         
799   30    210         
800   29    210         
801   30    210         
802   30    210         
803   29    210         
804   30    210         
805   30    210         
806   29    210         
807   30    210         
808   29    210         
809   30    210         
810   29    210         
811   31    210         
812   29    210         
813   29    210         
814   30    210         
815   29    210         
816   30    210         
817   31    210         
818   28    210         
819   29    210         
820   30    210         
821   30    210         
822   30    210         
823   29    210         
824   29    210         
825   30    210         
826   29    210         
827   30    210         
828   29    210         
829   30    210         
830   29    210         
831   29    210         
832   30    210         
833   30    210         
834   30    210         
835   29    210         
836   30    210         
837   29    210         
838   29    210         
839   30    210         
840   29    210         
841   30    210         
842   29    210         
843   29    210         
844   30    210         
845   29    210         
846   30    210         
847   29    210         
848   30    210         
849   30    210         
850   29    210         
851   30    210         
852   29    210         
853   29    210         
854   29    210         
855   29    210         
856   30    210         
857   29    210         
858   30    210         
859   29    210         
860   30    210         
861   30    210         
862   29    210         
863   29    210         
864   30    210         
865   29    210         
866   30    210         
867   29    210         
868   29    210         
869   30    210         
870   29    210         
871   30    210         
872   30    210         
873   29    210         
874   30    210         
875   29    210         
876   30    210         
877   29    210         
878   29    210         
879   30    210         
880   29    210         
881   30    210         
882   29    210         
883   29    210         
884   30    210         
885   29    210         
886   30    210         
887   30    210         
888   29    210         
889   30    210         
890   29    210         
891   30    210         
892   29    210         
893   30    210         
894   30    210         
895   30    210         
896   29    210         
897   29    210         
898   30    210         
899   29    210         
900   30    210         
901   30    210         
902   29    210         
903   29    210         
904   29    210         
905   30    210         
906   30    210         
907   29    210         
908   30    210         
909   30    210         
910   29    210         
911   29    210         
912   29    210         
913   30    210         
914   30    210         
915   30    210         
916   29    210         
917   29    210         
918   29    210         
919   29    210         
920   30    210         
921   30    210         
922   29    210         
923   30    210         
924   29    210         
925   29    210         
926   29    210         
927   30    210         
928   30    210         
929   29    210         
930   30    210         
931   29    210         
932   29    210         
933   29    210         
934   30    210         
935   30    210         
936   29    210         
937   30    210         
938   29    210         
939   30    210         
940   30    210         
941   30    210         
942   29    210         
943   29    210         
944   29    210         
945   30    210         
946   30    210         
947   29    210         
948   30    210         
949   30    210         
950   29    210         
951   30    210         
952   29    210         
953   30    210         
954   29    210         
955   29    210         
956   30    210         
957   29    210         
958   29    210         
959   30    210         
960   29    210         
961   30    210         
962   29    210         
963   30    210         
964   30    210         
965   29    210         
966   30    210         
967   29    210         
968   29    210         
969   29    210         
970   30    210         
971   29    210         
972   30    210         
973   30    210         
974   29    210         
975   29    210         
976   29    210         
977   30    210         
978   30    210         
979   29    210         
980   29    210         
981   36    210         
982   29    210         
983   30    210         
984   29    210         
985   30    210         
986   30    210         
987   30    210         
988   30    210         
989   29    210         
990   30    210         
991   30    210         
992   29    210         
993   30    210         
994   29    210         
995   30    210         
996   30    210         
997   29    210         
998   30    210         
999   29    210         
1000  30    210         
1001  29    210         
1002  30    210         
1003  29    210         
1004  30    210         
1005  30    210         
1006  29    210         
1007  29    210         
1008  30    210         
1009  29    210         
1010  30    210         
1011  29    210         
1012  30    210         
1013  30    210         
1014  29    210         
1015  29    210         
1016  29    210         
1017  29    210         
1018  29    210         
1019  30    210         
1020  29    210         
1021  29    210         
1022  29    210         
1023  30    210         
1024  29    210         
1025  30    210         
1026  30    210         
1027  29    210         
1028  30    210         
1029  29    210         
1030  29    210         
1031  30    210         
1032  29    210         
1033  30    210         
1034  29    210         
1035  29    210         
1036  29    210         
1037  29    210         
1038  30    210         
1039  30    210         
1040  29    210         
1041  30    210         
1042  30    210         
1043  30    210         
1044  29    210         
1045  30    210         
1046  30    210         
1047  29    210         
1048  30    210         
1049  32    210         
1050  72    420         
1051  32    210         
1052  30    210         
1053  29    210         
1054  29    210         
1055  29    210         
1056  30    210         
1057  29    210         
1058  30    210         
1059  29    210         
1060  30    210         
1061  29    210         
1062  30    210         
1063  29    210         
1064  29    210         
1065  29    210         
1066  29    210         
1067  30    210         
1068  30    210         
1069  29    210         
1070  30    210         
1071  30    210         
1072  29    210         
1073  29    210         
1074  30    210         
1075  29    210         
1076  30    210         
1077  30    210         
1078  29    210         
1079  30    210         
1080  29    210         
1081  30    210         
1082  30    210         
1083  29    210         
1084  30    210         
1085  29    210         
1086  29    210         
1087  30    210         
1088  29    210         
1089  30    210         
1090  29    210         
1091  30    210         
1092  30    210         
1093  29    210         
1094  30    210         
1095  30    210         
1096  29    210         
1097  30    210         
1098  29    210         
1099  30    210         
1100  29    210         
1101  30    210         
1102  30    210         
1103  29    210         
1104  30    210         
1105  29    210         
1106  29    210         
1107  29    210         
1108  30    210         
1109  29    210         
1110  30    210         
1111  30    210         
1112  29    210         
1113  30    210         
1114  29    210         
1115  29    210         
1116  30    210         
1117  30    210         
1118  30    210         
1119  30    210         
1120  29    210         
1121  29    210         
1122  30    210         
1123  29    210         
1124  29    210         
1125  30    210         
1126  29    210         
1127  30    210         
1128  29    210         
1129  30    210         
1130  29    210         
1131  29    210         
1132  30    210         
1133  29    210         
1134  29    210         
1135  30    210         
1136  30    210         
1137  30    210         
1138  29    210         
1139  29    210         
1140  30    210         
1141  29    210         
1142  30    210         
1143  29    210         
1144  29    210         
1145  29    210         
1146  30    210         
1147  29    210         
1148  29    210         
1149  30    210         
1150  29    210         
1151  30    210         
1152  29    210         
1153  30    210         
1154  29    210         
1155  29    210         
1156  30    210         
1157  30    210         
1158  30    210         
1159  29    210         
1160  29    210         
1161  30    210         
1162  29    210         
1163  29    210         
1164  30    210         
1165  29    210         
1166  30    210         
1167  30    210         
1168  29    210         
1169  29    210         
1170  30    210         
1171  29    210         
1172  30    210         
1173  29    210         
1174  30    210         
1175  29    210         
1176  29    210         
1177  30    210         
1178  29    210         
1179  30    210         
1180  30    210         
1181  30    210         
1182  30    210         
1183  29    210         
1184  29    210         
1185  30    210         
1186  29    210         
1187  30    210         
1188  29    210         
1189  29    210         
1190  29    210         
1191  30    210         
1192  29    210         
1193  30    210         
1194  29    210         
1195  30    210         
1196  29    210         
1197  30    210         
1198  29    210         
1199  30    210         
1200  30    210         
1201  29    210         
1202  30    210         
1203  29    210         
1204  30    210         
1205  29    210         
1206  30    210         
1207  30    210         
1208  30    210         
1209  30    210         
1210  29    210         
1211  30    210         
1212  29    210         
1213  29    210         
1214  30    210         
1215  29    210         
1216  29    210         
1217  30    210         
1218  29    210         
1219  30    210         
1220  29    210         
1221  30    210         
1222  30    210         
1223  29    210         
1224  29    210         
1225  29    210         
1226  30    210         
1227  29    210         
1228  30    210         
1229  30    210         
1230  30    210         
1231  29    210         
1232  30    210         
1233  29    210         
1234  29    210         
1235  30    210         
1236  30    210         
1237  30    210         
1238  29    210         
1239  29    210         
1240  30    210         
1241  29    210         
1242  36    210         
1243  29    210         
1244  30    210         
1245  30    210         
1246  29    210         
1247  30    210         
1248  30    210         
1249  30    210         
1250  29    210         
1251  30    210         
1252  30    210         
1253  30    210         
1254  29    210         
1255  29    210         
1256  30    210         
1257  29    210         
1258  29    210         
1259  30    210         
1260  29    210         
1261  30    210         
1262  30    210         
1263  30    210         
1264  29    210         
1265  30    210         
1266  29    210         
1267  29    210         
1268  29    210         
1269  30    210         
1270  30    210         
1271  30    210         
1272  29    210         
1273  30    210         
1274  30    210         
1275  29    210         
1276  29    210         
1277  30    210         
1278  29    210         
1279  30    210         
1280  29    210         
1281  29    210         
1282  30    210         
1283  30    210         
1284  30    210         
1285  29    210         
1286  29    210         
1287  30    210         
1288  29    210         
1289  30    210         
1290  29    210         
1291  30    210         
1292  29    210         
1293  30    210         
1294  30    210         
1295  29    210         
1296  29    210         
1297  30    210         
1298  30    210         
1299  30    210         
1300  29    210         
1301  29    210         
1302  29    210         
1303  30    210         
1304  30    210         
1305  29    210         
1306  29    210         
1307  29    210         
1308  30    210         
1309  30    210         
1310  29    210         
1311  30    210         
1312  30    210         
1313  30    210         
1314  30    210         
1315  29    210         
1316  29    210         
1317  29    210         
1318  30    210         
1319  30    210         
1320  29    210         
1321  30    210         
1322  29    210         
1323  29    210         
1324  30    210         
1325  29    210         
1326  30    210         
1327  30    210         
1328  29    210         
1329  30    210         
1330  29    210         
1331  30    210         
1332  29    210         
1333  30    210         
1334  30    210         
1335  30    210         
1336  29    210         
1337  29    210         
1338  29    210         
1339  29    210         
1340  30    210         
1341  29    210         
1342  29    210         
1343  30    210         
1344  29    210         
1345  29    210         
1346  29    210         
1347  30    210         
1348  29    210         
1349  30    210         
1350  29    210         
1351  30    210         
1352  29    210         
1353  29    210         
1354  30    210         
1355  29    210         
1356  30    210         
1357  30    210         
1358  29    210         
1359  30    210         
1360  30    210         
1361  29    210         
1362  29    210         
1363  30    210         
1364  29    210         
1365  29    210         
1366  29    210         
1367  30    210         
1368  30    210         
1369  29    210         
1370  30    210         
1371  29    210         
1372  29    210         
1373  29    210         
1374  30    210         
1375  29    210         
1376  29    210         
1377  30    210         
1378  29    210         
1379  30    210         
1380  29    210         
1381  30    210         
1382  30    210         
1383  29    210         
1384  30    210         
1385  29    210         
1386  29    210         
1387  30    210         
1388  30    210         
1389  30    210         
1390  29    210         
1391  30    210         
1392  29    210         
1393  29    210         
1394  30    210         
1395  29    210         
1396  30    210         
1397  29    210         
1398  29    210         
1399  30    210         
1400  29    210         
1401  29    210         
1402  30    210         
1403  30    210         
1404  29    210         
1405  29    210         
1406  29    210         
1407  30    210         
1408  30    210         
1409  29    210         
1410  30    210         
1411  29    210         
1412  29    210         
1413  29    210         
1414  30    210         
1415  29    210         
1416  30    210         
1417  30    210         
1418  29    210         
1419  29    210         
1420  29    210         
1421  30    210         
1422  30    210         
1423  30    210         
1424  30    210         
1425  29    210         
1426  29    210         
1427  30    210         
1428  29    210         
1429  30    210         
1430  29    210         
1431  30    210         
1432  29    210         
1433  29    210         
1434  30    210         
1435  29    210         
1436  29    210         
1437  29    210         
1438  30    210         
1439  30    210         
1440  29    210         
1441  30    210         
1442  29    210         
1443  30    210         
1444  30    210         
1445  29    210         
1446  30    210         
1447  29    210         
1448  30    210         
1449  30    210         
1450  29    210         
1451  30    210         
1452  30    210         
1453  29    210         
1454  30    210         
1455  29    210         
1456  29    210         
1457  30    210         
1458  29    210         
1459  29    210         
1460  29    210         
1461  30    210         
1462  29    210         
1463  29    210         
1464  30    210         
1465  29    210         
1466  30    210         
1467  29    210         
1468  30    210         
1469  30    210         
1470  29    210         
1471  30    210         
1472  29    210         
1473  30    210         
1474  30    210         
1475  29    210         
1476  30    210         
1477  29    210         
1478  29    210         
1479  29    210         
1480  30    210         
1481  30    210         
1482  30    210         
1483  29    210         
1484  30    210         
1485  29    210         
1486  29    210         
1487  30    210         
1488  30    210         
1489  30    210         
1490  29    210         
1491  29    210         
1492  29    210         
1493  30    210         
1494  30    210         
1495  30    210         
1496  29    210         
1497  29    210         
1498  29    210         
1499  30    210         
1500  30    210         
1501  29    210         
1502  29    210         
1503  29    210         
1504  30    210         
1505  29    210         
1506  29    210         
1507  29    210         
1508  29    210         
1509  30    210         
1510  29    210         
1511  30    210         
1512  29    210         
1513  29    210         
1514  30    210         
1515  30    210         
1516  30    210         
1517  29    210         
1518  29    210         
1519  29    210         
1520  29    210         
1521  30    210         
1522  30    210         
1523  29    210         
1524  30    210         
1525  29    210         
1526  29    210         
1527  29    210         
1528  29    210         
1529  30    210         
1530  30    210         
1531  30    210         
1532  29    210         
1533  30    210         
1534  30    210         
1535  29    210         
1536  30    210         
1537  29    210         
1538  30    210         
1539  29    210         
1540  29    210         
1541  30    210         
1542  29    210         
1543  30    210         
1544  30    210         
1545  29    210         
1546  29    210         
1547  29    210         
1548  29    210         
1549  29    210         
1550  30    210         
1551  29    210         
1552  30    210         
1553  30    210         
1554  30    210         
1555  29    210         
1556  29    210         
1557  30    210         
1558  30    210         
1559  29    210         
1560  29    210         
1561  29    210         
1562  29    210         
1563  30    210         
1564  30    210         
1565  29    210         
1566  30    210         
1567  29    210         
1568  29    210         
1569  30    210         
1570  29    210         
1571  30    210         
1572  29    210         
1573  30    210         
1574  30    210         
1575  29    210         
1576  29    210         
1577  29    210         
1578  30    210         
1579  30    210         
1580  29    210         
1581  29    210         
1582  30    210         
1583  29    210         
1584  30    210         
1585  29    210         
1586  29    210         
1587  30    210         
1588  29    210         
1589  30    210         
1590  29    210         
1591  30    210         
1592  30    210         
1593  29    210         
1594  30    210         
1595  29    210         
1596  29    210         
1597  30    210         
1598  30    210         
1599  30    210         
1600  30    210         
1601  29    210         
1602  30    210         
1603  29    210         
1604  29    210         
1605  29    210         
1606  29    210         
1607  29    210         
1608  30    210         
1609  29    210         
1610  29    210         
1611  30    210         
1612  29    210         
1613  30    210         
1614  30    210         
1615  29    210         
1616  29    210         
1617  29    210         
1618  29    210         
1619  30    210         
1620  29    210         
1621  29    210         
1622  30    210         
1623  29    210         
1624  29    210         
1625  29    210         
1626  30    210         
1627  30    210         
1628  29    210         
1629  30    210         
1630  29    210         
1631  29    210         
1632  29    210         
1633  30    210         
1634  30    210         
1635  30    210         
1636  30    210         
1637  29    210         
1638  29    210         
1639  29    210         
1640  30    210         
1641  30    210         
1642  29    210         
1643  30    210         
1644  30    210         
1645  30    210         
1646  29    210         
1647  30    210         
1648  30    210         
1649  30    210         
1650  29    210         
1651  30    210         
1652  29    210         
1653  29    210         
1654  30    210         
1655  30    210         
1656  29    210         
1657  29    210         
1658  29    210         
1659  30    210         
1660  29    210         
1661  29    210         
1662  30    210         
1663  29    210         
1664  30    210         
1665  29    210         
1666  29    210         
1667  29    210         
1668  30    210         
1669  30    210         
1670  29    210         
1671  30    210         
1672  29    210         
1673  30    210         
1674  29    210         
1675  29    210         
1676  30    210         
1677  29    210         
1678  29    210         
1679  30    210         
1680  29    210         
1681  30    210         
1682  29    210         
1683  30    210         
1684  29    210         
1685  29    210         
1686  30    210         
1687  29    210         
1688  29    210         
1689  29    210         
1690  30    210         
1691  30    210         
1692  29    210         
1693  29    210         
1694  29    210         
1695  29    210         
1696  29    210         
1697  30    210         
1698  29    210         
1699  30    210         
1700  29    210         
1701  30    210         
1702  29    210         
1703  30    210         
1704  30    210         
1705  29    210         
1706  29    210         
1707  30    210         
1708  29    210         
1709  29    210         
1710  30    210         
1711  30    210         
1712  29    210         
1713  29    210         
1714  30    210         
1715  29    210         
1716  29    210         
1717  30    210         
1718  30    210         
1719  29    210         
1720  29    210         
1721  30    210         
1722  29    210         
1723  30    210         
1724  29    210         
1725  30    210         
1726  29    210         
1727  29    210         
1728  29    210         
1729  29    210         
1730  29    210         
1731  30    210         
1732  30    210         
1733  29    210         
1734  30    210         
1735  29    210         
1736  30    210         
1737  29    210         
1738  30    210         
1739  30    210         
1740  29    210         
1741  29    210         
1742  30    210         
1743  29    210         
1744  30    210         
1745  29    210         
1746  30    210         
1747  29    210         
1748  30    210         
1749  30    210         
1750  29    210         
1751  30    210         
1752  29    210         
1753  30    210         
1754  30    210         
1755  29    210         
1756  30    210         
1757  29    210         
1758  29    210         
1759  29    210         
1760  30    210         
1761  29    210         
1762  29    210         
1763  30    210         
1764  29    210         
1765  29    210         
1766  29    210         
1767  30    210         
1768  29    210         
1769  30    210         
1770  29    210         
1771  30    210         
1772  29    210         
1773  30    210         
1774  35    210         
1775  27    210         
1776  28    210         
1777  29    210         
1778  29    210         
1779  29    210         
1780  30    210         
1781  30    210         
1782  29    210         
1783  30    210         
1784  29    210         
1785  29    210         
1786  29    210         
1787  29    210         
1788  29    210         
1789  29    210         
1790  30    210         
1791  29    210         
1792  29    210         
1793  30    210         
1794  30    210         
1795  30    210         
1796  29    210         
1797  29    210         
1798  29    210         
1799  29    210         
1800  29    210         
1801  30    210         
1802  29    210         
1803  29    210         
1804  30    210         
1805  29    210         
1806  29    210         
1807  29    210         
1808  29    210         
1809  30    210         
1810  30    210         
1811  29    210         
1812  30    210         
1813  29    210         
1814  29    210         
1815  29    210         
1816  30    210         
1817  29    210         
1818  30    210         
1819  29    210         
1820  29    210         
1821  30    210         
1822  30    210         
1823  30    210         
1824  29    210         
1825  30    210         
1826  29    210         
1827  29    210         
1828  30    210         
1829  29    210         
1830  30    210         
1831  30    210         
1832  29    210         
1833  29    210         
1834  30    210         
1835  30    210         
1836  29    210         
1837  30    210         
1838  29    210         
1839  32    210         
1840  29    210         
1841  30    210         
1842  29    210         
1843  30    210         
1844  29    210         
1845  30    210         
1846  30    210         
1847  29    210         
1848  29    210         
1849  29    210         
1850  30    210         
1851  30    210         
1852  29    210         
1853  30    210         
1854  29    210         
1855  30    210         
1856  29    210         
1857  29    210         
1858  30    210         
1859  30    210         
1860  29    210         
1861  30    210         
1862  29    210         
1863  30    210         
1864  29    210         
1865  29    210         
1866  30    210         
1867  30    210         
1868  29    210         
1869  33    210         
1870  29    210         
1871  30    210         
1872  29    210         
1873  30    210         
1874  29    210         
1875  30    210         
1876  29    210         
1877  29    210         
1878  29    210         
1879  30    210         
1880  29    210         
1881  30    210         
1882  29    210         
1883  29    210         
1884  30    210         
1885  29    210         
1886  30    210         
1887  30    210         
1888  30    210         
1889  29    210         
1890  29    210         
1891  30    210         
1892  29    210         
1893  30    210         
1894  29    210         
1895  30    210         
1896  29    210         
1897  30    210         
1898  29    210         
1899  29    210         
1900  30    210         
1901  29    210         
1902  29    210         
1903  30    210         
1904  30    210         
1905  29    210         
1906  30    210         
1907  29    210         
1908  30    210         
1909  29    210         
1910  29    210         
1911  30    210         
1912  29    210         
1913  30    210         
1914  30    210         
1915  30    210         
1916  29    210         
1917  29    210         
1918  30    210         
1919  29    210         
1920  30    210         
1921  29    210         
1922  30    210         
1923  29    210         
1924  29    210         
1925  30    210         
1926  29    210         
1927  29    210         
1928  30    210         
1929  29    210         
1930  29    210         
1931  30    210         
1932  29    210         
1933  30    210         
1934  29    210         
1935  30    210         
1936  29    210         
1937  30    210         
1938  30    210         
1939  29    210         
1940  30    210         
1941  29    210         
1942  30    210         
1943  30    210         
1944  29    210         
1945  29    210         
1946  30    210         
1947  29    210         
1948  29    210         
1949  30    210         
1950  29    210         
1951  30    210         
1952  29    210         
1953  29    210         
1954  30    210         
1955  29    210         
1956  30    210         
1957  29    210         
1958  30    210         
1959  29    210         
1960  29    210         
1961  30    210         
1962  29    210         
1963  30    210         
1964  30    210         
1965  30    210         
1966  30    210         
1967  29    210         
1968  30    210         
1969  30    210         
1970  30    210         
1971  29    210         
1972  29    210         
1973  29    210         
1974  29    210         
1975  30    210         
1976  29    210         
1977  29    210         
1978  30    210         
1979  29    210         
1980  30    210         
1981  29    210         
1982  29    210         
1983  29    210         
1984  30    210         
1985  30    210         
1986  29    210         
1987  29    210         
1988  29    210         
1989  29    210         
1990  30    210         
1991  29    210         
1992  38    210         
1993  30    210         
1994  32    210         
1995  30    210         
1996  29    210         
1997  29    210         
1998  29    210         
1999  30    210         
2000  30    210         
2001  29    210         
2002  29    210         
2003  29    210         
2004  30    210         
2005  30    210         
2006  30    210         
2007  29    210         
2008  29    210         
2009  29    210         
2010  30    210         
2011  29    210         
2012  30    210         
2013  29    210         
2014  29    210         
2015  30    210         
2016  29    210         
2017  30    210         
2018  29    210         
2019  30    210         
2020  30    210         
2021  29    210         
2022  29    210         
2023  30    210         
2024  29    210         
2025  29    210         
2026  30    210         
2027  29    210         
2028  29    210         
2029  29    210         
2030  29    210         
2031  29    210         
2032  31    210         
2033  30    210         
2034  30    210         
2035  34    210         
2036  32    210         
2037  29    210         
2038  30    210         
2039  29    210         
2040  30    210         
2041  29    210         
2042  30    210         
2043  30    210         
2044  29    210         
2045  29    210         
2046  30    210         
2047  30    210         
2048  29    210         
2049  30    210         
2050  30    210         
2051  29    210         
2052  29    210         
2053  29    210         
2054  33    210         
2055  29    210         
2056  30    210         
2057  29    210         
2058  30    210         
2059  29    210         
2060  30    210         
2061  30    210         
2062  30    210         
2063  29    210         
2064  30    210         
2065  53    210         
2066  34    210         
2067  30    210         
2068  29    210         
2069  30    210         
2070  29    210         
2071  29    210         
2072  30    210         
2073  29    210         
2074  30    210         
2075  30    210         
2076  30    210         
2077  30    210         
2078  29    210         
2079  30    210         
2080  30    210         
2081  29    210         
2082  30    210         
2083  29    210         
2084  30    210         
2085  29    210         
2086  30    210         
2087  30    210         
2088  29    210         
2089  29    210         
2090  29    210         
2091  29    210         
2092  30    210         
2093  29    210         
2094  44    210         
2095  30    210         
2096  29    210         
2097  29    210         
2098  30    210         
2099  29    210         
2100  30    210         
2101  29    210         
2102  29    210         
2103  30    210         
2104  29    210         
2105  30    210         
2106  29    210         
2107  29    210         
2108  29    210         
2109  30    210         
2110  29    210         
2111  30    210         
2112  29    210         
2113  29    210         
2114  29    210         
2115  29    210         
2116  30    210         
2117  30    210         
2118  29    210         
2119  30    210         
2120  29    210         
2121  30    210         
2122  29    210         
2123  29    210         
2124  30    210         
2125  29    210         
2126  30    210         
2127  29    210         
2128  29    210         
2129  29    210         
2130  30    210         
2131  30    210         
2132  30    210         
2133  30    210         
2134  29    210         
2135  29    210         
2136  30    210         
2137  29    210         
2138  30    210         
2139  29    210         
2140  30    210         
2141  30    210         
2142  30    210         
2143  29    210         
2144  30    210         
2145  30    210         
2146  29    210         
2147  29    210         
2148  29    210         
2149  29    210         
2150  29    210         
2151  30    210         
2152  30    210         
2153  29    210         
2154  30    210         
2155  30    210         
2156  29    210         
2157  29    210         
2158  29    210         
2159  29    210         
2160  30    210         
2161  30    210         
2162  29    210         
2163  30    210         
2164  29    210         
2165  29    210         
2166  30    210         
2167  29    210         
2168  34    210         
2169  30    210         
2170  30    210         
2171  30    210         
2172  29    210         
2173  30    210         
2174  29    210         
2175  30    210         
2176  29    210         
2177  29    210         
2178  29    210         
2179  29    210         
2180  30    210         
2181  29    210         
2182  29    210         
2183  30    210         
2184  29    210         
2185  29    210         
2186  30    210         
2187  30    210         
2188  29    210         
2189  29    210         
2190  29    210         
2191  30    210         
2192  30    210         
2193  30    210         
2194  30    210         
2195  30    210         
2196  30    210         
2197  29    210         
2198  30    210         
2199  29    210         
2200  30    210         
2201  30    210         
2202  29    210         
2203  29    210         
2204  30    210         
2205  29    210         
2206  29    210         
2207  30    210         
2208  29    210         
2209  30    210         
2210  29    210         
2211  29    210         
2212  32    210         
2213  29    210         
2214  30    210         
2215  30    210         
2216  29    210         
2217  30    210         
2218  29    210         
2219  30    210         
2220  29    210         
2221  29    210         
2222  30    210         
2223  30    210         
2224  29    210         
2225  30    210         
2226  29    210         
2227  30    210         
2228  29    210         
2229  29    210         
2230  29    210         
2231  30    210         
2232  29    210         
2233  30    210         
2234  29    210         
2235  30    210         
2236  30    210         
2237  29    210         
2238  29    210         
2239  29    210         
2240  30    210         
2241  29    210         
2242  29    210         
2243  30    210         
2244  30    210         
2245  29    210         
2246  29    210         
2247  30    210         
2248  30    210         
2249  29    210         
2250  30    210         
2251  29    210         
2252  30    210         
2253  29    210         
2254  29    210         
2255  29    210         
2256  29    210         
2257  30    210         
2258  29    210         
2259  29    210         
2260  30    210         
2261  29    210         
2262  30    210         
2263  29    210         
2264  30    210         
2265  29    210         
2266  29    210         
2267  30    210         
2268  29    210         
2269  30    210         
2270  30    210         
2271  29    210         
2272  29    210         
2273  29    210         
2274  29    210         
2275  29    210         
2276  29    210         
2277  29    210         
2278  30    210         
2279  29    210         
2280  30    210         
2281  29    210         
2282  29    210         
2283  29    210         
2284  29    210         
2285  30    210         
2286  29    210         
2287  29    210         
2288  30    210         
2289  29    210         
2290  30    210         
2291  29    210         
2292  30    210         
2293  30    210         
2294  29    210         
2295  29    210         
2296  30    210         
2297  29    210         
2298  30    210         
2299  30    210         
2300  29    210         
2301  30    210         
2302  29    210         
2303  29    210         
2304  30    210         
2305  29    210         
2306  30    210         
2307  29    210         
2308  30    210         
2309  29    210         
2310  29    210         
2311  30    210         
2312  30    210         
2313  30    210         
2314  29    210         
2315  29    210         
2316  29    210         
2317  29    210         
2318  30    210         
2319  29    210         
2320  29    210         
2321  30    210         
2322  30    210         
2323  29    210         
2324  29    210         
2325  30    210         
2326  29    210         
2327  30    210         
2328  30    210         
2329  29    210         
2330  30    210         
2331  29    210         
2332  30    210         
2333  30    210         
2334  30    210         
2335  29    210         
2336  29    210         
2337  30    210         
2338  30    210         
2339  30    210         
2340  29    210         
2341  30    210         
2342  30    210         
2343  29    210         
2344  29    210         
2345  29    210         
2346  29    210         
2347  30    210         
2348  30    210         
2349  57    210         
2350  30    210         
2351  30    210         
2352  29    210         
2353  29    210         
2354  30    210         
2355  29    210         
2356  30    210         
2357  29    210         
2358  29    210         
2359  30    210         
2360  30    210         
2361  30    210         
2362  29    210         
2363  29    210         
2364  30    210         
2365  64    420         
2366  29    210         
2367  30    210         
2368  29    210         
2369  30    210         
2370  30    210         
2371  29    210         
2372  30    210         
2373  29    210         
2374  30    210         
2375  30    210         
2376  29    210         
2377  30    210         
2378  29    210         
2379  29    210         
2380  29    210         
2381  30    210         
2382  30    210         
2383  30    210         
2384  30    210         
2385  30    210         
2386  30    210         
2387  29    210         
2388  29    210         
2389  29    210         
2390  29    210         
2391  30    210         
2392  30    210         
2393  29    210         
2394  29    210         
2395  29    210         
2396  29    210         
2397  30    210         
2398  30    210         
2399  30    210         
2400  29    210         
2401  30    210         
2402  29    210         
2403  29    210         
2404  30    210         
2405  29    210         
2406  29    210         
2407  30    210         
2408  29    210         
2409  30    210         
2410  29    210         
2411  30    210         
2412  30    210         
2413  29    210         
2414  30    210         
2415  30    210         
2416  29    210         
2417  30    210         
2418  30    210         
2419  29    210         
2420  29    210         
2421  30    210         
2422  29    210         
2423  30    210         
2424  30    210         
2425  29    210         
2426  30    210         
2427  29    210         
2428  29    210         
2429  29    210         
2430  29    210         
2431  30    210         
2432  30    210         
2433  29    210         
2434  30    210         
2435  29    210         
2436  29    210         
2437  29    210         
2438  29    210         
2439  30    210         
2440  29    210         
2441  30    210         
2442  30    210         
2443  29    210         
2444  29    210         
2445  30    210         
2446  30    210         
2447  30    210         
2448  29    210         
2449  30    210         
2450  29    210         
2451  30    210         
2452  29    210         
2453  30    210         
2454  29    210         
2455  30    210         
2456  29    210         
2457  30    210         
2458  29    210         
2459  30    210         
2460  30    210         
2461  29    210         
2462  30    210         
2463  29    210         
2464  29    210         
2465  29    210         
2466  30    210         
2467  30    210         
2468  29    210         
2469  30    210         
2470  30    210         
2471  29    210         
2472  30    210         
2473  30    210         
2474  29    210         
2475  30    210         
2476  29    210         
2477  30    210         
2478  29    210         
2479  30    210         
2480  29    210         
2481  29    210         
2482  30    210         
2483  29    210         
2484  30    210         
2485  29    210         
2486  29    210         
2487  30    210         
2488  29    210         
2489  29    210         
2490  29    210         
2491  29    210         
2492  29    210         
2493  29    210         
2494  29    210         
2495  30    210         
2496  30    210         
2497  30    210         
2498  29    210         
2499  29    210         
2500  29    210         
2501  30    210         
2502  30    210         
2503  29    210         
2504  29    210         
2505  29    210         
2506  30    210         
2507  29    210         
2508  29    210         
2509  30    210         
2510  29    210         
2511  29    210         
2512  30    210         
2513  29    210         
2514  29    210         
2515  30    210         
2516  30    210         
2517  30    210         
2518  29    210         
2519  30    210         
2520  30    210         
2521  29    210         
2522  30    210         
2523  30    210         
2524  29    210         
2525  30    210         
2526  29    210         
2527  29    210         
2528  29    210         
2529  30    210         
2530  30    210         
2531  30    210         
2532  30    210         
2533  29    210         
2534  29    210         
2535  30    210         
2536  29    210         
2537  30    210         
2538  30    210         
2539  29    210         
2540  30    210         
2541  29    210         
2542  30    210         
2543  29    210         
2544  30    210         
2545  29    210         
2546  29    210         
2547  30    210         
2548  29    210         
2549  29    210         
2550  29    210         
2551  30    210         
2552  30    210         
2553  29    210         
2554  30    210         
2555  29    210         
2556  30    210         
2557  30    210         
2558  29    210         
2559  30    210         
2560  30    210         
2561  29    210         
2562  30    210         
2563  29    210         
2564  29    210         
2565  30    210         
2566  29    210         
2567  30    210         
2568  29    210         
2569  30    210         
2570  29    210         
2571  29    210         
2572  30    210         
2573  29    210         
2574  29    210         
2575  30    210         
2576  29    210         
2577  30    210         
2578  29    210         
2579  30    210         
2580  30    210         
2581  29    210         
2582  30    210         
2583  29    210         
2584  30    210         
2585  29    210         
2586  30    210         
2587  30    210         
2588  29    210         
2589  29    210         
2590  29    210         
2591  29    210         
2592  29    210         
2593  30    210         
2594  29    210         
2595  30    210         
2596  29    210         
2597  29    210         
2598  29    210         
2599  30    210         
2600  30    210         
2601  29    210         
2602  30    210         
2603  29    210         
2604  29    210         
2605  29    210         
2606  29    210         
2607  30    210         
2608  29    210         
2609  30    210         
2610  29    210         
2611  29    210         
2612  29    210         
2613  30    210         
2614  30    210         
2615  29    210         
2616  30    210         
2617  30    210         
2618  30    210         
2619  29    210         
2620  30    210         
2621  30    210         
2622  30    210         
2623  29    210         
2624  29    210         
2625  29    210         
2626  29    210         
2627  30    210         
2628  30    210         
2629  29    210         
2630  29    210         
2631  30    210         
2632  29    210         
2633  29    210         
2634  30    210         
2635  29    210         
2636  30    210         
2637  30    210         
2638  29    210         
2639  29    210         
2640  29    210         
2641  30    210         
2642  30    210         
2643  29    210         
2644  30    210         
2645  29    210         
2646  30    210         
2647  30    210         
2648  29    210         
2649  30    210         
2650  29    210         
2651  30    210         
2652  30    210         
2653  29    210         
2654  30    210         
2655  29    210         
2656  30    210         
2657  30    210         
2658  29    210         
2659  30    210         
2660  30    210         
2661  29    210         
2662  29    210         
2663  30    210         
2664  30    210         
2665  29    210         
2666  30    210         
2667  29    210         
2668  30    210         
2669  29    210         
2670  30    210         
2671  29    210         
2672  30    210         
2673  29    210         
2674  29    210         
2675  29    210         
2676  29    210         
2677  30    210         
2678  29    210         
2679  30    210         
2680  29    210         
2681  29    210         
2682  29    210         
2683  29    210         
2684  30    210         
2685  29    210         
2686  30    210         
2687  30    210         
2688  29    210         
2689  29    210         
2690  30    210         
2691  30    210         
2692  30    210         
2693  29    210         
2694  30    210         
2695  29    210         
2696  29    210         
2697  29    210         
2698  30    210         
2699  29    210         
2700  29    210         
2701  30    210         
2702  29    210         
2703  29    210         
2704  30    210         
2705  30    210         
2706  29    210         
2707  30    210         
2708  30    210         
2709  29    210         
2710  29    210         
2711  29    210         
2712  30    210         
2713  29    210         
2714  29    210         
2715  30    210         
2716  29    210         
2717  29    210         
2718  30    210         
2719  30    210         
2720  29    210         
2721  29    210         
2722  30    210         
2723  29    210         
2724  30    210         
2725  29    210         
2726  30    210         
2727  30    210         
2728  29    210         
2729  29    210         
2730  29    210         
2731  29    210         
2732  30    210         
2733  30    210         
2734  29    210         
2735  30    210         
2736  30    210         
2737  30    210         
2738  29    210         
2739  30    210         
2740  29    210         
2741  30    210         
2742  30    210         
2743  29    210         
2744  30    210         
2745  29    210         
2746  29    210         
2747  30    210         
2748  29    210         
2749  29    210         
2750  29    210         
2751  30    210         
2752  30    210         
2753  29    210         
2754  29    210         
2755  30    210         
2756  30    210         
2757  30    210         
2758  29    210         
2759  30    210         
2760  30    210         
2761  30    210         
2762  29    210         
2763  30    210         
2764  30    210         
2765  29    210         
2766  29    210         
2767  30    210         
2768  30    210         
2769  29    210         
2770  29    210         
2771  29    210         
2772  30    210         
2773  30    210         
2774  29    210         
2775  30    210         
2776  29    210         
2777  30    210         
2778  29    210         
2779  29    210         
2780  30    210         
2781  29    210         
2782  30    210         
2783  29    210         
2784  30    210         
2785  29    210         
2786  29    210         
2787  29    210         
2788  30    210         
2789  30    210         
2790  30    210         
2791  29    210         
2792  30    210         
2793  29    210         
2794  29    210         
2795  30    210         
2796  30    210         
2797  30    210         
2798  29    210         
2799  30    210         
2800  29    210         
2801  30    210         
2802  29    210         
2803  30    210         
2804  29    210         
2805  30    210         
2806  29    210         
2807  30    210         
2808  29    210         
2809  29    210         
2810  30    210         
2811  29    210         
2812  30    210         
2813  30    210         
2814  29    210         
2815  30    210         
2816  29    210         
2817  30    210         
2818  29    210         
2819  30    210         
2820  29    210         
2821  29    210         
2822  30    210         
2823  29    210         
2824  30    210         
2825  29    210         
2826  29    210         
2827  30    210         
2828  29    210         
2829  30    210         
2830  29    210         
2831  30    210         
2832  30    210         
2833  29    210         
2834  31    210         
2835  29    210         
2836  30    210         
2837  30    210         
2838  29    210         
2839  29    210         
2840  30    210         
2841  30    210         
2842  30    210         
2843  29    210         
2844  30    210         
2845  30    210         
2846  29    210         
2847  29    210         
2848  30    210         
2849  29    210         
2850  29    210         
2851  29    210         
2852  30    210         
2853  29    210         
2854  29    210         
2855  30    210         
2856  29    210         
2857  29    210         
2858  30    210         
2859  29    210         
2860  30    210         
2861  30    210         
2862  29    210         
2863  29    210         
2864  30    210         
2865  29    210         
2866  30    210         
2867  29    210         
2868  30    210         
2869  30    210         
2870  29    210         
2871  29    210         
2872  29    210         
2873  30    210         
2874  29    210         
2875  30    210         
2876  29    210         
2877  29    210         
2878  30    210         
2879  29    210         
2880  30    210         
2881  29    210         
2882  30    210         
2883  29    210         
2884  29    210         
2885  29    210         
2886  30    210         
2887  29    210         
2888  30    210         
2889  29    210         
2890  30    210         
2891  29    210         
2892  29    210         
2893  29    210         
2894  30    210         
2895  29    210         
2896  30    210         
2897  29    210         
2898  29    210         
2899  29    210         
2900  30    210         
2901  30    210         
2902  29    210         
2903  29    210         
2904  30    210         
2905  29    210         
2906  29    210         
2907  30    210         
2908  30    210         
2909  30    210         
2910  30    210         
2911  29    210         
2912  30    210         
2913  29    210         
2914  30    210         
2915  30    210         
2916  29    210         
2917  29    210         
2918  29    210         
2919  29    210         
2920  30    210         
2921  29    210         
2922  30    210         
2923  29    210         
2924  29    210         
2925  30    210         
2926  29    210         
2927  29    210         
2928  29    210         
2929  30    210         
2930  29    210         
2931  30    210         
2932  29    210         
2933  29    210         
2934  30    210         
2935  29    210         
2936  30    210         
2937  29    210         
2938  29    210         
2939  29    210         
2940  30    210         
2941  29    210         
2942  30    210         
2943  29    210         
2944  29    210         
2945  30    210         
2946  29    210         
2947  29    210         
2948  29    210         
2949  29    210         
2950  30    210         
2951  29    210         
2952  29    210         
2953  30    210         
2954  29    210         
2955  29    210         
2956  30    210         
2957  30    210         
2958  30    210         
2959  30    210         
2960  29    210         
2961  30    210         
2962  29    210         
2963  29    210         
2964  29    210         
2965  30    210         
2966  30    210         
2967  29    210         
2968  30    210         
2969  29    210         
2970  30    210         
2971  30    210         
2972  29    210         
2973  29    210         
2974  30    210         
2975  29    210         
2976  29    210         
2977  30    210         
2978  29    210         
2979  29    210         
2980  30    210         
2981  30    210         
2982  29    210         
2983  29    210         
2984  30    210         
2985  29    210         
2986  29    210         
2987  30    210         
2988  29    210         
2989  30    210         
2990  29    210         
2991  29    210         
2992  29    210         
2993  29    210         
2994  30    210         
2995  29    210         
2996  30    210         
2997  29    210         
2998  29    210         
2999  30    210         
3000  30    210         
3001  29    210         
3002  30    210         
3003  29    210         
3004  29    210         
3005  29    210         
3006  30    210         
3007  29    210         
3008  30    210         
3009  29    210         
3010  30    210         
3011  29    210         
3012  29    210         
3013  30    210         
3014  30    210         
3015  29    210         
3016  29    210         
3017  30    210         
3018  29    210         
3019  29    210         
3020  30    210         
3021  29    210         
3022  29    210         
3023  29    210         
3024  30    210         
3025  29    210         
3026  29    210         
3027  29    210         
3028  30    210         
3029  29    210         
3030  29    210         
3031  29    210         
3032  30    210         
3033  29    210         
3034  30    210         
3035  29    210         
3036  30    210         
3037  30    210         
3038  29    210         
3039  29    210         
3040  29    210         
3041  30    210         
3042  29    210         
3043  30    210         
3044  30    210         
3045  29    210         
3046  30    210         
3047  29    210         
3048  30    210         
3049  30    210         
3050  29    210         
3051  29    210         
3052  30    210         
3053  29    210         
3054  30    210         
3055  29    210         
3056  30    210         
3057  30    210         
3058  30    210         
3059  29    210         
3060  30    210         
3061  29    210         
3062  30    210         
3063  30    210         
3064  29    210         
3065  30    210         
3066  29    210         
3067  29    210         
3068  30    210         
3069  29    210         
3070  30    210         
3071  29    210         
3072  29    210         
3073  30    210         
3074  29    210         
3075  29    210         
3076  30    210         
3077  29    210         
3078  30    210         
3079  30    210         
3080  29    210         
3081  30    210         
3082  29    210         
3083  29    210         
3084  30    210         
3085  30    210         
3086  29    210         
3087  30    210         
3088  29    210         
3089  30    210         
3090  29    210         
3091  30    210         
3092  29    210         
3093  30    210         
3094  29    210         
3095  29    210         
3096  29    210         
3097  29    210         
3098  30    210         
3099  29    210         
3100  29    210         
3101  30    210         
3102  30    210         
3103  29    210         
3104  30    210         
3105  30    210         
3106  30    210         
3107  30    210         
3108  29    210         
3109  29    210         
3110  29    210         
3111  30    210         
3112  30    210         
3113  29    210         
3114  30    210         
3115  65    420         
3116  30    210         
3117  29    210         
3118  30    210         
3119  29    210         
3120  29    210         
3121  30    210         
3122  29    210         
3123  30    210         
3124  29    210         
3125  30    210         
3126  29    210         
3127  30    210         
3128  30    210         
3129  29    210         
3130  29    210         
3131  30    210         
3132  29    210         
3133  29    210         
3134  30    210         
3135  30    210         
3136  30    210         
3137  29    210         
3138  30    210         
3139  29    210         
3140  30    210         
3141  29    210         
3142  29    210         
3143  30    210         
3144  30    210         
3145  30    210         
3146  29    210         
3147  30    210         
3148  30    210         
3149  29    210         
3150  30    210         
3151  29    210         
3152  30    210         
3153  30    210         
3154  29    210         
3155  30    210         
3156  30    210         
3157  29    210         
3158  30    210         
3159  29    210         
3160  29    210         
3161  29    210         
3162  29    210         
3163  30    210         
3164  29    210         
3165  30    210         
3166  29    210         
3167  30    210         
3168  30    210         
3169  29    210         
3170  30    210         
3171  30    210         
3172  29    210         
3173  30    210         
3174  30    210         
3175  29    210         
3176  30    210         
3177  29    210         
3178  30    210         
3179  30    210         
3180  29    210         
3181  29    210         
3182  30    210         
3183  30    210         
3184  30    210         
3185  29    210         
3186  30    210         
3187  30    210         
3188  30    210         
3189  30    210         
3190  29    210         
3191  29    210         
3192  29    210         
3193  30    210         
3194  30    210         
3195  29    210         
3196  30    210         
3197  30    210         
3198  29    210         
3199  29    210         
3200  30    210         
3201  29    210         
3202  29    210         
3203  30    210         
3204  29    210         
3205  29    210         
3206  30    210         
3207  29    210         
3208  30    210         
3209  29    210         
3210  29    210         
3211  30    210         
3212  29    210         
3213  29    210         
3214  30    210         
3215  29    210         
3216  29    210         
3217  29    210         
3218  30    210         
3219  29    210         
3220  29    210         
3221  29    210         
3222  29    210         
3223  29    210         
3224  30    210         
3225  29    210         
3226  30    210         
3227  30    210         
3228  29    210         
3229  29    210         
3230  30    210         
3231  29    210         
3232  30    210         
3233  30    210         
3234  29    210         
3235  29    210         
3236  29    210         
3237  29    210         
3238  30    210         
3239  30    210         
3240  29    210         
3241  30    210         
3242  29    210         
3243  30    210         
3244  30    210         
3245  30    210         
3246  29    210         
3247  29    210         
3248  30    210         
3249  29    210         
3250  30    210         
3251  29    210         
3252  29    210         
3253  30    210         
3254  29    210         
3255  29    210         
3256  29    210         
3257  30    210         
3258  30    210         
3259  29    210         
3260  30    210         
