16:03:50
2167185674262511
1     0     210         
2     30    210         
3     30    210         
4     30    210         
5     30    210         
6     30    210         
7     30    210         
8     30    210         
9     30    210         
10    32    210         
11    30    210         
12    30    210         
13    30    210         
14    30    210         
15    30    210         
16    30    210         
17    30    210         
18    30    210         
19    30    210         
20    30    210         
21    30    210         
22    30    210         
23    30    210         
24    30    210         
25    30    210         
26    30    210         
27    30    210         
28    30    210         
29    30    210         
30    30    210         
31    30    210         
32    30    210         
33    30    210         
34    30    210         
35    30    210         
36    30    210         
37    30    210         
38    30    210         
39    30    210         
40    30    210         
41    30    210         
42    30    210         
43    30    210         
44    30    210         
45    30    210         
46    30    210         
47    30    210         
48    30    210         
49    30    210         
50    30    210         
51    30    210         
52    30    210         
53    30    210         
54    30    210         
55    30    210         
56    30    210         
57    30    210         
58    30    210         
59    30    210         
60    30    210         
61    30    210         
62    30    210         
63    30    210         
64    30    210         
65    30    210         
66    30    210         
67    30    210         
68    30    210         
69    30    210         
70    30    210         
71    30    210         
72    30    210         
73    30    210         
74    30    210         
75    30    210         
76    30    210         
77    30    210         
78    30    210         
79    30    210         
80    30    210         
81    30    210         
82    30    210         
83    30    210         
84    30    210         
85    30    210         
86    30    210         
87    30    210         
88    30    210         
89    30    210         
90    30    210         
91    30    210         
92    30    210         
93    30    210         
94    30    210         
95    30    210         
96    30    210         
97    30    210         
98    30    210         
99    30    210         
100   30    210         
101   30    210         
102   30    210         
103   30    210         
104   30    210         
105   30    210         
106   30    210         
107   30    210         
108   30    210         
109   30    210         
110   30    210         
111   30    210         
112   30    210         
113   30    210         
114   30    210         
115   30    210         
116   30    210         
117   30    210         
118   30    210         
119   30    210         
120   30    210         
121   30    210         
122   30    210         
123   30    210         
124   30    210         
125   30    210         
126   30    210         
127   30    210         
128   30    210         
129   30    210         
130   30    210         
131   30    210         
132   30    210         
133   30    210         
134   30    210         
135   30    210         
136   30    210         
137   30    210         
138   30    210         
139   30    210         
140   30    210         
141   30    210         
142   30    210         
143   30    210         
144   30    210         
145   30    210         
146   30    210         
147   30    210         
148   30    210         
149   30    210         
150   30    210         
151   30    210         
152   30    210         
153   30    210         
154   30    210         
155   30    210         
156   30    210         
157   30    210         
158   30    210         
159   30    210         
160   30    210         
161   30    210         
162   30    210         
163   30    210         
164   30    210         
165   30    210         
166   30    210         
167   30    210         
168   30    210         
169   30    210         
170   30    210         
171   30    210         
172   30    210         
173   30    210         
174   30    210         
175   30    210         
176   30    210         
177   30    210         
178   30    210         
179   30    210         
180   30    210         
181   30    210         
182   30    210         
183   30    210         
184   30    210         
185   30    210         
186   30    210         
187   30    210         
188   30    210         
189   30    210         
190   30    210         
191   30    210         
192   30    210         
193   30    210         
194   30    210         
195   30    210         
196   30    210         
197   30    210         
198   30    210         
199   30    210         
200   30    210         
201   30    210         
202   30    210         
203   30    210         
204   30    210         
205   30    210         
206   30    210         
207   30    210         
208   30    210         
209   30    210         
210   30    210         
211   30    210         
212   30    210         
213   30    210         
214   30    210         
215   30    210         
216   30    210         
217   30    210         
218   30    210         
219   30    210         
220   30    210         
221   30    210         
222   30    210         
223   30    210         
224   30    210         
225   30    210         
226   30    210         
227   40    210         
228   30    210         
229   30    210         
230   30    210         
231   30    210         
232   30    210         
233   30    210         
234   30    210         
235   30    210         
236   30    210         
237   30    210         
238   30    210         
239   30    210         
240   30    210         
241   30    210         
242   30    210         
243   30    210         
244   30    210         
245   30    210         
246   30    210         
247   30    210         
248   30    210         
249   30    210         
250   30    210         
251   30    210         
252   30    210         
253   30    210         
254   30    210         
255   30    210         
256   30    210         
257   30    210         
258   30    210         
259   30    210         
260   30    210         
261   30    210         
262   30    210         
263   30    210         
264   30    210         
265   30    210         
266   30    210         
267   30    210         
268   30    210         
269   30    210         
270   30    210         
271   30    210         
272   30    210         
273   30    210         
274   30    210         
275   30    210         
276   30    210         
277   30    210         
278   30    210         
279   30    210         
280   30    210         
281   30    210         
282   30    210         
283   30    210         
284   30    210         
285   30    210         
286   30    210         
287   30    210         
288   30    210         
289   30    210         
290   30    210         
291   30    210         
292   30    210         
293   30    210         
294   30    210         
295   30    210         
296   30    210         
297   30    210         
298   30    210         
299   30    210         
300   30    210         
301   30    210         
302   30    210         
303   30    210         
304   30    210         
305   30    210         
306   30    210         
307   30    210         
308   30    210         
309   30    210         
310   30    210         
311   30    210         
312   30    210         
313   30    210         
314   30    210         
315   30    210         
316   30    210         
317   30    210         
318   30    210         
319   30    210         
320   30    210         
321   30    210         
322   30    210         
323   30    210         
324   30    210         
325   30    210         
326   30    210         
327   30    210         
328   30    210         
329   30    210         
330   30    210         
331   30    210         
332   30    210         
333   30    210         
334   30    210         
335   30    210         
336   30    210         
337   30    210         
338   30    210         
339   30    210         
340   30    210         
341   30    210         
342   30    210         
343   30    210         
344   30    210         
345   30    210         
346   30    210         
347   30    210         
348   30    210         
349   30    210         
350   30    210         
351   30    210         
352   30    210         
353   30    210         
354   30    210         
355   30    210         
356   30    210         
357   30    210         
358   30    210         
359   30    210         
360   30    210         
361   30    210         
362   30    210         
363   30    210         
364   30    210         
365   30    210         
366   30    210         
367   30    210         
368   30    210         
369   30    210         
370   30    210         
371   30    210         
372   30    210         
373   30    210         
374   30    210         
375   30    210         
376   30    210         
377   30    210         
378   30    210         
379   30    210         
380   30    210         
381   32    210         
382   30    210         
383   30    210         
384   30    210         
385   30    210         
386   30    210         
387   30    210         
388   30    210         
389   30    210         
390   30    210         
391   30    210         
392   30    210         
393   30    210         
394   30    210         
395   30    210         
396   30    210         
397   30    210         
398   30    210         
399   30    210         
400   30    210         
401   30    210         
402   30    210         
403   30    210         
404   30    210         
405   30    210         
406   30    210         
407   30    210         
408   30    210         
409   30    210         
410   36    210         
411   30    210         
412   30    210         
413   30    210         
414   30    210         
415   30    210         
416   30    210         
417   30    210         
418   30    210         
419   30    210         
420   30    210         
421   30    210         
422   30    210         
423   30    210         
424   30    210         
425   30    210         
426   30    210         
427   30    210         
428   30    210         
429   30    210         
430   30    210         
431   30    210         
432   30    210         
433   30    210         
434   30    210         
435   30    210         
436   30    210         
437   30    210         
438   30    210         
439   30    210         
440   30    210         
441   30    210         
442   30    210         
443   30    210         
444   30    210         
445   30    210         
446   30    210         
447   30    210         
448   30    210         
449   30    210         
450   30    210         
451   30    210         
452   30    210         
453   30    210         
454   30    210         
455   30    210         
456   30    210         
457   30    210         
458   30    210         
459   30    210         
460   30    210         
461   30    210         
462   30    210         
463   30    210         
464   30    210         
465   30    210         
466   30    210         
467   30    210         
468   30    210         
469   30    210         
470   30    210         
471   30    210         
472   30    210         
473   30    210         
474   30    210         
475   30    210         
476   30    210         
477   30    210         
478   30    210         
479   30    210         
480   30    210         
481   30    210         
482   30    210         
483   30    210         
484   30    210         
485   30    210         
486   30    210         
487   30    210         
488   30    210         
489   30    210         
490   30    210         
491   32    210         
492   30    210         
493   30    210         
494   30    210         
495   30    210         
496   30    210         
497   30    210         
498   30    210         
499   30    210         
500   30    210         
501   30    210         
502   30    210         
503   30    210         
504   30    210         
505   30    210         
506   30    210         
507   30    210         
508   30    210         
509   30    210         
510   30    210         
511   30    210         
512   30    210         
513   30    210         
514   30    210         
515   30    210         
516   30    210         
517   30    210         
518   30    210         
519   30    210         
520   30    210         
521   30    210         
522   30    210         
523   30    210         
524   45    210         
525   30    210         
526   30    210         
527   30    210         
528   30    210         
529   30    210         
530   30    210         
531   30    210         
532   30    210         
533   30    210         
534   30    210         
535   30    210         
536   30    210         
537   30    210         
538   30    210         
539   30    210         
540   30    210         
541   30    210         
542   30    210         
543   30    210         
544   30    210         
545   30    210         
546   30    210         
547   30    210         
548   30    210         
549   30    210         
550   30    210         
551   30    210         
552   30    210         
553   30    210         
554   30    210         
555   32    210         
556   30    210         
557   30    210         
558   30    210         
559   30    210         
560   30    210         
561   30    210         
562   30    210         
563   30    210         
564   30    210         
565   30    210         
566   30    210         
567   30    210         
568   30    210         
569   30    210         
570   30    210         
571   30    210         
572   30    210         
573   30    210         
574   30    210         
575   30    210         
576   30    210         
577   30    210         
578   30    210         
579   30    210         
580   30    210         
581   30    210         
582   30    210         
583   30    210         
584   30    210         
585   30    210         
586   30    210         
587   30    210         
588   30    210         
589   30    210         
590   30    210         
591   30    210         
592   30    210         
593   30    210         
594   30    210         
595   30    210         
596   30    210         
597   30    210         
598   30    210         
599   30    210         
600   30    210         
601   30    210         
602   30    210         
603   30    210         
604   30    210         
605   30    210         
606   30    210         
607   30    210         
608   30    210         
609   30    210         
610   30    210         
611   30    210         
612   30    210         
613   30    210         
614   30    210         
615   30    210         
616   30    210         
617   30    210         
618   30    210         
619   30    210         
620   30    210         
621   30    210         
622   30    210         
623   30    210         
624   30    210         
625   30    210         
626   30    210         
627   30    210         
628   30    210         
629   30    210         
630   30    210         
631   30    210         
632   30    210         
633   30    210         
634   30    210         
635   30    210         
636   30    210         
637   30    210         
638   30    210         
639   31    210         
640   30    210         
641   30    210         
642   30    210         
643   30    210         
644   30    210         
645   30    210         
646   30    210         
647   30    210         
648   30    210         
649   30    210         
650   30    210         
651   30    210         
652   30    210         
653   30    210         
654   30    210         
655   30    210         
656   30    210         
657   30    210         
658   30    210         
659   30    210         
660   30    210         
661   30    210         
662   30    210         
663   30    210         
664   30    210         
665   30    210         
666   30    210         
667   30    210         
668   30    210         
669   30    210         
670   30    210         
671   30    210         
672   30    210         
673   30    210         
674   30    210         
675   30    210         
676   30    210         
677   30    210         
678   30    210         
679   30    210         
680   30    210         
681   30    210         
682   30    210         
683   30    210         
684   30    210         
685   30    210         
686   30    210         
687   30    210         
688   30    210         
689   30    210         
690   30    210         
691   30    210         
692   30    210         
693   30    210         
694   30    210         
695   30    210         
696   30    210         
697   30    210         
698   30    210         
699   30    210         
700   30    210         
701   30    210         
702   30    210         
703   30    210         
704   30    210         
705   30    210         
706   30    210         
707   30    210         
708   30    210         
709   30    210         
710   30    210         
711   30    210         
712   30    210         
713   30    210         
714   30    210         
715   30    210         
716   30    210         
717   30    210         
718   30    210         
719   30    210         
720   30    210         
721   30    210         
722   30    210         
723   30    210         
724   30    210         
725   30    210         
726   30    210         
727   30    210         
728   30    210         
729   30    210         
730   30    210         
731   30    210         
732   30    210         
733   30    210         
734   30    210         
735   30    210         
736   30    210         
737   30    210         
738   30    210         
739   30    210         
740   30    210         
741   30    210         
742   30    210         
743   30    210         
744   30    210         
745   30    210         
746   30    210         
747   30    210         
748   30    210         
749   30    210         
750   30    210         
751   30    210         
752   30    210         
753   30    210         
754   30    210         
755   30    210         
756   30    210         
757   30    210         
758   30    210         
759   30    210         
760   30    210         
761   30    210         
762   30    210         
763   30    210         
764   30    210         
765   30    210         
766   30    210         
767   30    210         
768   30    210         
769   30    210         
770   30    210         
771   30    210         
772   30    210         
773   30    210         
774   30    210         
775   30    210         
776   30    210         
777   30    210         
778   30    210         
779   30    210         
780   30    210         
781   30    210         
782   30    210         
783   30    210         
784   30    210         
785   30    210         
786   30    210         
787   30    210         
788   30    210         
789   30    210         
790   30    210         
791   30    210         
792   30    210         
793   30    210         
794   30    210         
795   30    210         
796   30    210         
797   30    210         
798   30    210         
799   30    210         
800   30    210         
801   30    210         
802   30    210         
803   30    210         
804   30    210         
805   30    210         
806   30    210         
807   30    210         
808   30    210         
809   30    210         
810   30    210         
811   31    210         
812   30    210         
813   30    210         
814   30    210         
815   30    210         
816   30    210         
817   30    210         
818   30    210         
819   30    210         
820   30    210         
821   30    210         
822   30    210         
823   30    210         
824   30    210         
825   30    210         
826   30    210         
827   30    210         
828   30    210         
829   30    210         
830   30    210         
831   30    210         
832   30    210         
833   30    210         
834   30    210         
835   30    210         
836   30    210         
837   30    210         
838   30    210         
839   30    210         
840   30    210         
841   30    210         
842   30    210         
843   30    210         
844   30    210         
845   30    210         
846   30    210         
847   30    210         
848   30    210         
849   30    210         
850   30    210         
851   30    210         
852   30    210         
853   30    210         
854   30    210         
855   30    210         
856   30    210         
857   30    210         
858   30    210         
859   30    210         
860   30    210         
861   30    210         
862   30    210         
863   30    210         
864   30    210         
865   30    210         
866   30    210         
867   30    210         
868   30    210         
869   30    210         
870   30    210         
871   30    210         
872   30    210         
873   30    210         
874   30    210         
875   30    210         
876   30    210         
877   30    210         
878   30    210         
879   30    210         
880   30    210         
881   30    210         
882   30    210         
883   30    210         
884   30    210         
885   30    210         
886   30    210         
887   30    210         
888   30    210         
889   30    210         
890   30    210         
891   30    210         
892   30    210         
893   30    210         
894   30    210         
895   30    210         
896   30    210         
897   30    210         
898   30    210         
899   30    210         
900   30    210         
901   30    210         
902   30    210         
903   30    210         
904   30    210         
905   30    210         
906   30    210         
907   30    210         
908   30    210         
909   30    210         
910   30    210         
911   30    210         
912   30    210         
913   30    210         
914   30    210         
915   30    210         
916   30    210         
917   30    210         
918   30    210         
919   30    210         
920   30    210         
921   30    210         
922   30    210         
923   30    210         
924   30    210         
925   30    210         
926   30    210         
927   30    210         
928   30    210         
929   30    210         
930   30    210         
931   30    210         
932   30    210         
933   30    210         
934   30    210         
935   30    210         
936   30    210         
937   30    210         
938   30    210         
939   30    210         
940   30    210         
941   30    210         
942   30    210         
943   30    210         
944   30    210         
945   30    210         
946   30    210         
947   30    210         
948   30    210         
949   30    210         
950   30    210         
951   30    210         
952   30    210         
953   30    210         
954   30    210         
955   30    210         
956   30    210         
957   30    210         
958   30    210         
959   30    210         
960   30    210         
961   30    210         
962   30    210         
963   30    210         
964   30    210         
965   30    210         
966   30    210         
967   30    210         
968   30    210         
969   30    210         
970   30    210         
971   30    210         
972   30    210         
973   30    210         
974   30    210         
975   30    210         
976   30    210         
977   30    210         
978   30    210         
979   30    210         
980   30    210         
981   36    210         
982   30    210         
983   30    210         
984   30    210         
985   30    210         
986   30    210         
987   30    210         
988   30    210         
989   30    210         
990   30    210         
991   30    210         
992   30    210         
993   30    210         
994   30    210         
995   30    210         
996   30    210         
997   30    210         
998   30    210         
999   30    210         
1000  30    210         
1001  30    210         
1002  30    210         
1003  30    210         
1004  30    210         
1005  30    210         
1006  30    210         
1007  30    210         
1008  30    210         
1009  30    210         
1010  30    210         
1011  30    210         
1012  30    210         
1013  30    210         
1014  30    210         
1015  30    210         
1016  30    210         
1017  30    210         
1018  30    210         
1019  30    210         
1020  30    210         
1021  30    210         
1022  30    210         
1023  30    210         
1024  30    210         
1025  30    210         
1026  30    210         
1027  30    210         
1028  30    210         
1029  30    210         
1030  30    210         
1031  30    210         
1032  30    210         
1033  30    210         
1034  30    210         
1035  30    210         
1036  30    210         
1037  30    210         
1038  30    210         
1039  30    210         
1040  30    210         
1041  30    210         
1042  30    210         
1043  30    210         
1044  30    210         
1045  30    210         
1046  30    210         
1047  30    210         
1048  30    210         
1049  32    210         
1050  70    420         
1051  34    210         
1052  30    210         
1053  30    210         
1054  30    210         
1055  30    210         
1056  30    210         
1057  30    210         
1058  30    210         
1059  30    210         
1060  30    210         
1061  30    210         
1062  30    210         
1063  30    210         
1064  30    210         
1065  30    210         
1066  30    210         
1067  30    210         
1068  30    210         
1069  30    210         
1070  30    210         
1071  30    210         
1072  30    210         
1073  30    210         
1074  30    210         
1075  30    210         
1076  30    210         
1077  30    210         
1078  30    210         
1079  30    210         
1080  30    210         
1081  30    210         
1082  30    210         
1083  30    210         
1084  30    210         
1085  30    210         
1086  30    210         
1087  30    210         
1088  30    210         
1089  30    210         
1090  30    210         
1091  30    210         
1092  30    210         
1093  30    210         
1094  30    210         
1095  30    210         
1096  30    210         
1097  30    210         
1098  30    210         
1099  30    210         
1100  30    210         
1101  30    210         
1102  30    210         
1103  30    210         
1104  30    210         
1105  30    210         
1106  30    210         
1107  30    210         
1108  30    210         
1109  30    210         
1110  30    210         
1111  30    210         
1112  30    210         
1113  30    210         
1114  30    210         
1115  30    210         
1116  30    210         
1117  30    210         
1118  30    210         
1119  30    210         
1120  30    210         
1121  30    210         
1122  30    210         
1123  30    210         
1124  30    210         
1125  30    210         
1126  30    210         
1127  30    210         
1128  30    210         
1129  30    210         
1130  30    210         
1131  30    210         
1132  30    210         
1133  30    210         
1134  30    210         
1135  30    210         
1136  30    210         
1137  30    210         
1138  30    210         
1139  30    210         
1140  30    210         
1141  30    210         
1142  30    210         
1143  30    210         
1144  30    210         
1145  30    210         
1146  30    210         
1147  30    210         
1148  30    210         
1149  30    210         
1150  30    210         
1151  30    210         
1152  30    210         
1153  30    210         
1154  30    210         
1155  30    210         
1156  30    210         
1157  30    210         
1158  30    210         
1159  30    210         
1160  30    210         
1161  30    210         
1162  30    210         
1163  30    210         
1164  30    210         
1165  30    210         
1166  30    210         
1167  30    210         
1168  30    210         
1169  30    210         
1170  30    210         
1171  30    210         
1172  30    210         
1173  30    210         
1174  30    210         
1175  30    210         
1176  30    210         
1177  30    210         
1178  30    210         
1179  30    210         
1180  30    210         
1181  30    210         
1182  30    210         
1183  30    210         
1184  30    210         
1185  30    210         
1186  30    210         
1187  30    210         
1188  30    210         
1189  30    210         
1190  30    210         
1191  30    210         
1192  30    210         
1193  30    210         
1194  30    210         
1195  30    210         
1196  30    210         
1197  30    210         
1198  30    210         
1199  30    210         
1200  30    210         
1201  30    210         
1202  30    210         
1203  30    210         
1204  30    210         
1205  30    210         
1206  30    210         
1207  30    210         
1208  30    210         
1209  30    210         
1210  30    210         
1211  30    210         
1212  30    210         
1213  30    210         
1214  30    210         
1215  30    210         
1216  30    210         
1217  30    210         
1218  30    210         
1219  30    210         
1220  30    210         
1221  30    210         
1222  30    210         
1223  30    210         
1224  30    210         
1225  30    210         
1226  30    210         
1227  30    210         
1228  30    210         
1229  30    210         
1230  30    210         
1231  30    210         
1232  30    210         
1233  30    210         
1234  30    210         
1235  30    210         
1236  30    210         
1237  30    210         
1238  30    210         
1239  30    210         
1240  30    210         
1241  30    210         
1242  36    210         
1243  30    210         
1244  30    210         
1245  30    210         
1246  30    210         
1247  30    210         
1248  30    210         
1249  30    210         
1250  30    210         
1251  30    210         
1252  30    210         
1253  30    210         
1254  30    210         
1255  30    210         
1256  30    210         
1257  30    210         
1258  30    210         
1259  30    210         
1260  30    210         
1261  30    210         
1262  30    210         
1263  30    210         
1264  30    210         
1265  30    210         
1266  30    210         
1267  30    210         
1268  30    210         
1269  30    210         
1270  30    210         
1271  30    210         
1272  30    210         
1273  30    210         
1274  30    210         
1275  30    210         
1276  30    210         
1277  30    210         
1278  30    210         
1279  30    210         
1280  30    210         
1281  30    210         
1282  30    210         
1283  30    210         
1284  30    210         
1285  30    210         
1286  30    210         
1287  30    210         
1288  30    210         
1289  30    210         
1290  30    210         
1291  30    210         
1292  30    210         
1293  30    210         
1294  30    210         
1295  30    210         
1296  30    210         
1297  30    210         
1298  30    210         
1299  30    210         
1300  30    210         
1301  30    210         
1302  30    210         
1303  30    210         
1304  30    210         
1305  30    210         
1306  30    210         
1307  30    210         
1308  30    210         
1309  30    210         
1310  30    210         
1311  30    210         
1312  30    210         
1313  30    210         
1314  30    210         
1315  30    210         
1316  30    210         
1317  30    210         
1318  30    210         
1319  30    210         
1320  30    210         
1321  30    210         
1322  30    210         
1323  30    210         
1324  30    210         
1325  30    210         
1326  30    210         
1327  30    210         
1328  30    210         
1329  30    210         
1330  30    210         
1331  30    210         
1332  30    210         
1333  30    210         
1334  30    210         
1335  30    210         
1336  30    210         
1337  30    210         
1338  30    210         
1339  30    210         
1340  30    210         
1341  30    210         
1342  30    210         
1343  30    210         
1344  30    210         
1345  30    210         
1346  30    210         
1347  30    210         
1348  30    210         
1349  30    210         
1350  30    210         
1351  30    210         
1352  30    210         
1353  30    210         
1354  30    210         
1355  30    210         
1356  30    210         
1357  30    210         
1358  30    210         
1359  30    210         
1360  30    210         
1361  30    210         
1362  30    210         
1363  30    210         
1364  30    210         
1365  30    210         
1366  30    210         
1367  30    210         
1368  30    210         
1369  30    210         
1370  30    210         
1371  30    210         
1372  30    210         
1373  30    210         
1374  30    210         
1375  30    210         
1376  30    210         
1377  30    210         
1378  30    210         
1379  30    210         
1380  30    210         
1381  30    210         
1382  30    210         
1383  30    210         
1384  30    210         
1385  30    210         
1386  30    210         
1387  30    210         
1388  30    210         
1389  30    210         
1390  30    210         
1391  30    210         
1392  30    210         
1393  30    210         
1394  30    210         
1395  30    210         
1396  30    210         
1397  30    210         
1398  30    210         
1399  30    210         
1400  30    210         
1401  30    210         
1402  30    210         
1403  30    210         
1404  30    210         
1405  30    210         
1406  30    210         
1407  30    210         
1408  30    210         
1409  30    210         
1410  30    210         
1411  30    210         
1412  30    210         
1413  30    210         
1414  30    210         
1415  30    210         
1416  30    210         
1417  30    210         
1418  30    210         
1419  30    210         
1420  30    210         
1421  30    210         
1422  30    210         
1423  30    210         
1424  30    210         
1425  30    210         
1426  30    210         
1427  30    210         
1428  30    210         
1429  30    210         
1430  30    210         
1431  30    210         
1432  30    210         
1433  30    210         
1434  30    210         
1435  30    210         
1436  30    210         
1437  30    210         
1438  30    210         
1439  30    210         
1440  30    210         
1441  30    210         
1442  30    210         
1443  30    210         
1444  30    210         
1445  30    210         
1446  30    210         
1447  30    210         
1448  30    210         
1449  30    210         
1450  30    210         
1451  30    210         
1452  30    210         
1453  30    210         
1454  30    210         
1455  30    210         
1456  30    210         
1457  30    210         
1458  30    210         
1459  30    210         
1460  30    210         
1461  30    210         
1462  30    210         
1463  30    210         
1464  30    210         
1465  30    210         
1466  30    210         
1467  30    210         
1468  30    210         
1469  30    210         
1470  30    210         
1471  30    210         
1472  30    210         
1473  30    210         
1474  30    210         
1475  30    210         
1476  30    210         
1477  30    210         
1478  30    210         
1479  30    210         
1480  30    210         
1481  30    210         
1482  30    210         
1483  30    210         
1484  30    210         
1485  30    210         
1486  30    210         
1487  30    210         
1488  30    210         
1489  30    210         
1490  30    210         
1491  30    210         
1492  30    210         
1493  30    210         
1494  30    210         
1495  30    210         
1496  30    210         
1497  30    210         
1498  30    210         
1499  30    210         
1500  30    210         
1501  30    210         
1502  30    210         
1503  30    210         
1504  30    210         
1505  30    210         
1506  30    210         
1507  30    210         
1508  30    210         
1509  30    210         
1510  30    210         
1511  30    210         
1512  30    210         
1513  30    210         
1514  30    210         
1515  30    210         
1516  30    210         
1517  30    210         
1518  30    210         
1519  30    210         
1520  30    210         
1521  30    210         
1522  30    210         
1523  30    210         
1524  30    210         
1525  30    210         
1526  30    210         
1527  30    210         
1528  30    210         
1529  30    210         
1530  30    210         
1531  30    210         
1532  30    210         
1533  30    210         
1534  30    210         
1535  30    210         
1536  30    210         
1537  30    210         
1538  30    210         
1539  30    210         
1540  30    210         
1541  30    210         
1542  30    210         
1543  30    210         
1544  30    210         
1545  30    210         
1546  30    210         
1547  30    210         
1548  30    210         
1549  30    210         
1550  30    210         
1551  30    210         
1552  30    210         
1553  30    210         
1554  30    210         
1555  30    210         
1556  30    210         
1557  30    210         
1558  30    210         
1559  30    210         
1560  30    210         
1561  30    210         
1562  30    210         
1563  30    210         
1564  30    210         
1565  30    210         
1566  30    210         
1567  30    210         
1568  30    210         
1569  30    210         
1570  30    210         
1571  30    210         
1572  30    210         
1573  30    210         
1574  30    210         
1575  30    210         
1576  30    210         
1577  30    210         
1578  30    210         
1579  30    210         
1580  30    210         
1581  30    210         
1582  30    210         
1583  30    210         
1584  30    210         
1585  30    210         
1586  30    210         
1587  30    210         
1588  30    210         
1589  30    210         
1590  30    210         
1591  30    210         
1592  30    210         
1593  30    210         
1594  30    210         
1595  30    210         
1596  30    210         
1597  30    210         
1598  30    210         
1599  30    210         
1600  30    210         
1601  30    210         
1602  30    210         
1603  30    210         
1604  30    210         
1605  30    210         
1606  30    210         
1607  30    210         
1608  30    210         
1609  30    210         
1610  30    210         
1611  30    210         
1612  30    210         
1613  30    210         
1614  30    210         
1615  30    210         
1616  30    210         
1617  30    210         
1618  30    210         
1619  30    210         
1620  30    210         
1621  30    210         
1622  30    210         
1623  30    210         
1624  30    210         
1625  30    210         
1626  30    210         
1627  30    210         
1628  30    210         
1629  30    210         
1630  30    210         
1631  30    210         
1632  30    210         
1633  30    210         
1634  30    210         
1635  30    210         
1636  30    210         
1637  30    210         
1638  30    210         
1639  30    210         
1640  30    210         
1641  30    210         
1642  30    210         
1643  30    210         
1644  30    210         
1645  30    210         
1646  30    210         
1647  30    210         
1648  30    210         
1649  30    210         
1650  30    210         
1651  30    210         
1652  30    210         
1653  30    210         
1654  30    210         
1655  30    210         
1656  30    210         
1657  30    210         
1658  30    210         
1659  30    210         
1660  30    210         
1661  30    210         
1662  30    210         
1663  30    210         
1664  30    210         
1665  30    210         
1666  30    210         
1667  30    210         
1668  30    210         
1669  30    210         
1670  30    210         
1671  30    210         
1672  30    210         
1673  30    210         
1674  30    210         
1675  30    210         
1676  30    210         
1677  30    210         
1678  30    210         
1679  30    210         
1680  30    210         
1681  30    210         
1682  30    210         
1683  30    210         
1684  30    210         
1685  30    210         
1686  30    210         
1687  30    210         
1688  30    210         
1689  30    210         
1690  30    210         
1691  30    210         
1692  30    210         
1693  30    210         
1694  30    210         
1695  30    210         
1696  30    210         
1697  30    210         
1698  30    210         
1699  30    210         
1700  30    210         
1701  30    210         
1702  30    210         
1703  30    210         
1704  30    210         
1705  30    210         
1706  30    210         
1707  30    210         
1708  30    210         
1709  30    210         
1710  30    210         
1711  30    210         
1712  30    210         
1713  30    210         
1714  30    210         
1715  30    210         
1716  30    210         
1717  30    210         
1718  30    210         
1719  30    210         
1720  30    210         
1721  30    210         
1722  30    210         
1723  30    210         
1724  30    210         
1725  30    210         
1726  30    210         
1727  30    210         
1728  30    210         
1729  30    210         
1730  30    210         
1731  30    210         
1732  30    210         
1733  30    210         
1734  30    210         
1735  30    210         
1736  30    210         
1737  30    210         
1738  30    210         
1739  30    210         
1740  30    210         
1741  30    210         
1742  30    210         
1743  30    210         
1744  30    210         
1745  30    210         
1746  30    210         
1747  30    210         
1748  30    210         
1749  30    210         
1750  30    210         
1751  30    210         
1752  30    210         
1753  30    210         
1754  30    210         
1755  30    210         
1756  30    210         
1757  30    210         
1758  30    210         
1759  30    210         
1760  30    210         
1761  30    210         
1762  30    210         
1763  30    210         
1764  30    210         
1765  30    210         
1766  30    210         
1767  30    210         
1768  30    210         
1769  30    210         
1770  30    210         
1771  30    210         
1772  30    210         
1773  30    210         
1774  30    210         
1775  31    210         
1776  30    210         
1777  30    210         
1778  30    210         
1779  30    210         
1780  30    210         
1781  30    210         
1782  30    210         
1783  30    210         
1784  30    210         
1785  30    210         
1786  30    210         
1787  30    210         
1788  30    210         
1789  30    210         
1790  30    210         
1791  30    210         
1792  30    210         
1793  30    210         
1794  30    210         
1795  30    210         
1796  30    210         
1797  30    210         
1798  30    210         
1799  30    210         
1800  30    210         
1801  30    210         
1802  30    210         
1803  30    210         
1804  30    210         
1805  30    210         
1806  30    210         
1807  30    210         
1808  30    210         
1809  30    210         
1810  30    210         
1811  30    210         
1812  30    210         
1813  30    210         
1814  30    210         
1815  30    210         
1816  30    210         
1817  30    210         
1818  30    210         
1819  30    210         
1820  30    210         
1821  30    210         
1822  30    210         
1823  30    210         
1824  30    210         
1825  30    210         
1826  30    210         
1827  30    210         
1828  30    210         
1829  30    210         
1830  30    210         
1831  30    210         
1832  30    210         
1833  30    210         
1834  30    210         
1835  30    210         
1836  30    210         
1837  30    210         
1838  30    210         
1839  32    210         
1840  30    210         
1841  30    210         
1842  30    210         
1843  30    210         
1844  30    210         
1845  30    210         
1846  30    210         
1847  30    210         
1848  30    210         
1849  30    210         
1850  30    210         
1851  30    210         
1852  30    210         
1853  30    210         
1854  30    210         
1855  30    210         
1856  30    210         
1857  30    210         
1858  30    210         
1859  30    210         
1860  30    210         
1861  30    210         
1862  30    210         
1863  30    210         
1864  30    210         
1865  30    210         
1866  30    210         
1867  30    210         
1868  30    210         
1869  33    210         
1870  30    210         
1871  30    210         
1872  30    210         
1873  30    210         
1874  30    210         
1875  30    210         
1876  30    210         
1877  30    210         
1878  30    210         
1879  30    210         
1880  30    210         
1881  30    210         
1882  30    210         
1883  30    210         
1884  30    210         
1885  30    210         
1886  30    210         
1887  30    210         
1888  30    210         
1889  30    210         
1890  30    210         
1891  30    210         
1892  30    210         
1893  30    210         
1894  30    210         
1895  30    210         
1896  30    210         
1897  30    210         
1898  30    210         
1899  30    210         
1900  30    210         
1901  30    210         
1902  30    210         
1903  30    210         
1904  30    210         
1905  30    210         
1906  30    210         
1907  30    210         
1908  30    210         
1909  30    210         
1910  30    210         
1911  30    210         
1912  30    210         
1913  30    210         
1914  30    210         
1915  30    210         
1916  30    210         
1917  30    210         
1918  30    210         
1919  30    210         
1920  30    210         
1921  30    210         
1922  30    210         
1923  30    210         
1924  30    210         
1925  30    210         
1926  30    210         
1927  30    210         
1928  30    210         
1929  30    210         
1930  30    210         
1931  30    210         
1932  30    210         
1933  30    210         
1934  30    210         
1935  30    210         
1936  30    210         
1937  30    210         
1938  30    210         
1939  30    210         
1940  30    210         
1941  30    210         
1942  30    210         
1943  30    210         
1944  30    210         
1945  30    210         
1946  30    210         
1947  30    210         
1948  30    210         
1949  30    210         
1950  30    210         
1951  30    210         
1952  30    210         
1953  30    210         
1954  30    210         
1955  30    210         
1956  30    210         
1957  30    210         
1958  30    210         
1959  30    210         
1960  30    210         
1961  30    210         
1962  30    210         
1963  30    210         
1964  30    210         
1965  30    210         
1966  30    210         
1967  30    210         
1968  30    210         
1969  30    210         
1970  30    210         
1971  30    210         
1972  30    210         
1973  30    210         
1974  30    210         
1975  30    210         
1976  30    210         
1977  30    210         
1978  30    210         
1979  30    210         
1980  30    210         
1981  30    210         
1982  30    210         
1983  30    210         
1984  30    210         
1985  30    210         
1986  30    210         
1987  30    210         
1988  30    210         
1989  30    210         
1990  30    210         
1991  30    210         
1992  38    210         
1993  30    210         
1994  32    210         
1995  30    210         
1996  30    210         
1997  30    210         
1998  30    210         
1999  30    210         
2000  30    210         
2001  30    210         
2002  30    210         
2003  30    210         
2004  30    210         
2005  30    210         
2006  30    210         
2007  30    210         
2008  30    210         
2009  30    210         
2010  30    210         
2011  30    210         
2012  30    210         
2013  30    210         
2014  30    210         
2015  30    210         
2016  30    210         
2017  30    210         
2018  30    210         
2019  30    210         
2020  30    210         
2021  30    210         
2022  30    210         
2023  30    210         
2024  30    210         
2025  30    210         
2026  30    210         
2027  30    210         
2028  30    210         
2029  30    210         
2030  30    210         
2031  30    210         
2032  31    210         
2033  30    210         
2034  30    210         
2035  34    210         
2036  32    210         
2037  30    210         
2038  30    210         
2039  30    210         
2040  30    210         
2041  30    210         
2042  30    210         
2043  30    210         
2044  30    210         
2045  30    210         
2046  30    210         
2047  30    210         
2048  30    210         
2049  30    210         
2050  30    210         
2051  30    210         
2052  30    210         
2053  30    210         
2054  33    210         
2055  30    210         
2056  30    210         
2057  30    210         
2058  30    210         
2059  30    210         
2060  30    210         
2061  30    210         
2062  30    210         
2063  30    210         
2064  30    210         
2065  53    210         
2066  34    210         
2067  30    210         
2068  30    210         
2069  30    210         
2070  30    210         
2071  30    210         
2072  30    210         
2073  30    210         
2074  30    210         
2075  30    210         
2076  30    210         
2077  30    210         
2078  30    210         
2079  30    210         
2080  30    210         
2081  30    210         
2082  30    210         
2083  30    210         
2084  30    210         
2085  30    210         
2086  30    210         
2087  30    210         
2088  30    210         
2089  30    210         
2090  30    210         
2091  30    210         
2092  30    210         
2093  30    210         
2094  44    210         
2095  30    210         
2096  30    210         
2097  30    210         
2098  30    210         
2099  30    210         
2100  30    210         
2101  30    210         
2102  30    210         
2103  30    210         
2104  30    210         
2105  30    210         
2106  30    210         
2107  30    210         
2108  30    210         
2109  30    210         
2110  30    210         
2111  30    210         
2112  30    210         
2113  30    210         
2114  30    210         
2115  30    210         
2116  30    210         
2117  30    210         
2118  30    210         
2119  30    210         
2120  30    210         
2121  30    210         
2122  30    210         
2123  30    210         
2124  30    210         
2125  30    210         
2126  30    210         
2127  30    210         
2128  30    210         
2129  30    210         
2130  30    210         
2131  30    210         
2132  30    210         
2133  30    210         
2134  30    210         
2135  30    210         
2136  30    210         
2137  30    210         
2138  30    210         
2139  30    210         
2140  30    210         
2141  30    210         
2142  30    210         
2143  30    210         
2144  30    210         
2145  30    210         
2146  30    210         
2147  30    210         
2148  30    210         
2149  30    210         
2150  30    210         
2151  30    210         
2152  30    210         
2153  30    210         
2154  30    210         
2155  30    210         
2156  30    210         
2157  30    210         
2158  30    210         
2159  30    210         
2160  30    210         
2161  30    210         
2162  30    210         
2163  30    210         
2164  30    210         
2165  30    210         
2166  30    210         
2167  30    210         
2168  34    210         
2169  30    210         
2170  30    210         
2171  30    210         
2172  30    210         
2173  30    210         
2174  30    210         
2175  30    210         
2176  30    210         
2177  30    210         
2178  30    210         
2179  30    210         
2180  30    210         
2181  30    210         
2182  30    210         
2183  30    210         
2184  30    210         
2185  30    210         
2186  30    210         
2187  30    210         
2188  30    210         
2189  30    210         
2190  30    210         
2191  30    210         
2192  30    210         
2193  30    210         
2194  30    210         
2195  30    210         
2196  30    210         
2197  30    210         
2198  30    210         
2199  30    210         
2200  30    210         
2201  30    210         
2202  30    210         
2203  30    210         
2204  30    210         
2205  30    210         
2206  30    210         
2207  30    210         
2208  30    210         
2209  30    210         
2210  30    210         
2211  30    210         
2212  32    210         
2213  30    210         
2214  30    210         
2215  30    210         
2216  30    210         
2217  30    210         
2218  30    210         
2219  30    210         
2220  30    210         
2221  30    210         
2222  30    210         
2223  30    210         
2224  30    210         
2225  30    210         
2226  30    210         
2227  30    210         
2228  30    210         
2229  30    210         
2230  30    210         
2231  30    210         
2232  30    210         
2233  30    210         
2234  30    210         
2235  30    210         
2236  30    210         
2237  30    210         
2238  30    210         
2239  30    210         
2240  30    210         
2241  30    210         
2242  30    210         
2243  30    210         
2244  30    210         
2245  30    210         
2246  30    210         
2247  30    210         
2248  30    210         
2249  30    210         
2250  30    210         
2251  30    210         
2252  30    210         
2253  30    210         
2254  30    210         
2255  30    210         
2256  30    210         
2257  30    210         
2258  30    210         
2259  30    210         
2260  30    210         
2261  30    210         
2262  30    210         
2263  30    210         
2264  30    210         
2265  30    210         
2266  30    210         
2267  30    210         
2268  30    210         
2269  30    210         
2270  30    210         
2271  30    210         
2272  30    210         
2273  30    210         
2274  30    210         
2275  30    210         
2276  30    210         
2277  30    210         
2278  30    210         
2279  30    210         
2280  30    210         
2281  30    210         
2282  30    210         
2283  30    210         
2284  30    210         
2285  30    210         
2286  30    210         
2287  30    210         
2288  30    210         
2289  30    210         
2290  30    210         
2291  30    210         
2292  30    210         
2293  30    210         
2294  30    210         
2295  30    210         
2296  30    210         
2297  30    210         
2298  30    210         
2299  30    210         
2300  30    210         
2301  30    210         
2302  30    210         
2303  30    210         
2304  30    210         
2305  30    210         
2306  30    210         
2307  30    210         
2308  30    210         
2309  30    210         
2310  30    210         
2311  30    210         
2312  30    210         
2313  30    210         
2314  30    210         
2315  30    210         
2316  30    210         
2317  30    210         
2318  30    210         
2319  30    210         
2320  30    210         
2321  30    210         
2322  30    210         
2323  30    210         
2324  30    210         
2325  30    210         
2326  30    210         
2327  30    210         
2328  30    210         
2329  30    210         
2330  30    210         
2331  30    210         
2332  30    210         
2333  30    210         
2334  30    210         
2335  30    210         
2336  30    210         
2337  30    210         
2338  30    210         
2339  30    210         
2340  30    210         
2341  30    210         
2342  30    210         
2343  30    210         
2344  30    210         
2345  30    210         
2346  30    210         
2347  30    210         
2348  30    210         
2349  57    210         
2350  30    210         
2351  30    210         
2352  30    210         
2353  30    210         
2354  30    210         
2355  30    210         
2356  30    210         
2357  30    210         
2358  30    210         
2359  30    210         
2360  30    210         
2361  30    210         
2362  30    210         
2363  30    210         
2364  30    210         
2365  64    420         
2366  30    210         
2367  30    210         
2368  30    210         
2369  30    210         
2370  30    210         
2371  30    210         
2372  30    210         
2373  30    210         
2374  30    210         
2375  30    210         
2376  30    210         
2377  30    210         
2378  30    210         
2379  30    210         
2380  30    210         
2381  30    210         
2382  30    210         
2383  30    210         
2384  30    210         
2385  30    210         
2386  30    210         
2387  30    210         
2388  30    210         
2389  30    210         
2390  30    210         
2391  30    210         
2392  30    210         
2393  30    210         
2394  30    210         
2395  30    210         
2396  30    210         
2397  30    210         
2398  30    210         
2399  30    210         
2400  30    210         
2401  30    210         
2402  30    210         
2403  30    210         
2404  30    210         
2405  30    210         
2406  30    210         
2407  30    210         
2408  30    210         
2409  30    210         
2410  30    210         
2411  30    210         
2412  30    210         
2413  30    210         
2414  30    210         
2415  30    210         
2416  30    210         
2417  30    210         
2418  30    210         
2419  30    210         
2420  30    210         
2421  30    210         
2422  30    210         
2423  30    210         
2424  30    210         
2425  30    210         
2426  30    210         
2427  30    210         
2428  30    210         
2429  30    210         
2430  30    210         
2431  30    210         
2432  30    210         
2433  30    210         
2434  30    210         
2435  30    210         
2436  30    210         
2437  30    210         
2438  30    210         
2439  30    210         
2440  30    210         
2441  30    210         
2442  30    210         
2443  30    210         
2444  30    210         
2445  30    210         
2446  30    210         
2447  30    210         
2448  30    210         
2449  30    210         
2450  30    210         
2451  30    210         
2452  30    210         
2453  30    210         
2454  30    210         
2455  30    210         
2456  30    210         
2457  30    210         
2458  30    210         
2459  30    210         
2460  30    210         
2461  30    210         
2462  30    210         
2463  30    210         
2464  30    210         
2465  30    210         
2466  30    210         
2467  30    210         
2468  30    210         
2469  30    210         
2470  30    210         
2471  30    210         
2472  30    210         
2473  30    210         
2474  30    210         
2475  30    210         
2476  30    210         
2477  30    210         
2478  30    210         
2479  30    210         
2480  30    210         
2481  30    210         
2482  30    210         
2483  30    210         
2484  30    210         
2485  30    210         
2486  30    210         
2487  30    210         
2488  30    210         
2489  30    210         
2490  30    210         
2491  30    210         
2492  30    210         
2493  30    210         
2494  30    210         
2495  30    210         
2496  30    210         
2497  30    210         
2498  30    210         
2499  30    210         
2500  30    210         
2501  30    210         
2502  30    210         
2503  30    210         
2504  30    210         
2505  30    210         
2506  30    210         
2507  30    210         
2508  30    210         
2509  30    210         
2510  30    210         
2511  30    210         
2512  30    210         
2513  30    210         
2514  30    210         
2515  30    210         
2516  30    210         
2517  30    210         
2518  30    210         
2519  30    210         
2520  30    210         
2521  30    210         
2522  30    210         
2523  30    210         
2524  30    210         
2525  30    210         
2526  30    210         
2527  30    210         
2528  30    210         
2529  30    210         
2530  30    210         
2531  30    210         
2532  30    210         
2533  30    210         
2534  30    210         
2535  30    210         
2536  30    210         
2537  30    210         
2538  30    210         
2539  30    210         
2540  30    210         
2541  30    210         
2542  30    210         
2543  30    210         
2544  30    210         
2545  30    210         
2546  30    210         
2547  30    210         
2548  30    210         
2549  30    210         
2550  30    210         
2551  30    210         
2552  30    210         
2553  30    210         
2554  30    210         
2555  30    210         
2556  30    210         
2557  30    210         
2558  30    210         
2559  30    210         
2560  30    210         
2561  30    210         
2562  30    210         
2563  30    210         
2564  30    210         
2565  30    210         
2566  30    210         
2567  30    210         
2568  30    210         
2569  30    210         
2570  30    210         
2571  30    210         
2572  30    210         
2573  30    210         
2574  30    210         
2575  30    210         
2576  30    210         
2577  30    210         
2578  30    210         
2579  30    210         
2580  30    210         
2581  30    210         
2582  30    210         
2583  30    210         
2584  30    210         
2585  30    210         
2586  30    210         
2587  30    210         
2588  30    210         
2589  30    210         
2590  30    210         
2591  30    210         
2592  30    210         
2593  30    210         
2594  30    210         
2595  30    210         
2596  30    210         
2597  30    210         
2598  30    210         
2599  30    210         
2600  30    210         
2601  30    210         
2602  30    210         
2603  30    210         
2604  30    210         
2605  30    210         
2606  30    210         
2607  30    210         
2608  30    210         
2609  30    210         
2610  30    210         
2611  30    210         
2612  30    210         
2613  30    210         
2614  30    210         
2615  30    210         
2616  30    210         
2617  30    210         
2618  30    210         
2619  30    210         
2620  30    210         
2621  30    210         
2622  30    210         
2623  30    210         
2624  30    210         
2625  30    210         
2626  30    210         
2627  30    210         
2628  30    210         
2629  30    210         
2630  30    210         
2631  30    210         
2632  30    210         
2633  30    210         
2634  30    210         
2635  30    210         
2636  30    210         
2637  30    210         
2638  30    210         
2639  30    210         
2640  30    210         
2641  30    210         
2642  30    210         
2643  30    210         
2644  30    210         
2645  30    210         
2646  30    210         
2647  30    210         
2648  30    210         
2649  30    210         
2650  30    210         
2651  30    210         
2652  30    210         
2653  30    210         
2654  30    210         
2655  30    210         
2656  30    210         
2657  30    210         
2658  30    210         
2659  30    210         
2660  30    210         
2661  30    210         
2662  30    210         
2663  30    210         
2664  30    210         
2665  30    210         
2666  30    210         
2667  30    210         
2668  30    210         
2669  30    210         
2670  30    210         
2671  30    210         
2672  30    210         
2673  30    210         
2674  30    210         
2675  30    210         
2676  30    210         
2677  30    210         
2678  30    210         
2679  30    210         
2680  30    210         
2681  30    210         
2682  30    210         
2683  30    210         
2684  30    210         
2685  30    210         
2686  30    210         
2687  30    210         
2688  30    210         
2689  30    210         
2690  30    210         
2691  30    210         
2692  30    210         
2693  30    210         
2694  30    210         
2695  30    210         
2696  30    210         
2697  30    210         
2698  30    210         
2699  30    210         
2700  30    210         
2701  30    210         
2702  30    210         
2703  30    210         
2704  30    210         
2705  30    210         
2706  30    210         
2707  30    210         
2708  30    210         
2709  30    210         
2710  30    210         
2711  30    210         
2712  30    210         
2713  30    210         
2714  30    210         
2715  30    210         
2716  30    210         
2717  30    210         
2718  30    210         
2719  30    210         
2720  30    210         
2721  30    210         
2722  30    210         
2723  30    210         
2724  30    210         
2725  30    210         
2726  30    210         
2727  30    210         
2728  30    210         
2729  30    210         
2730  30    210         
2731  30    210         
2732  30    210         
2733  30    210         
2734  30    210         
2735  30    210         
2736  30    210         
2737  30    210         
2738  30    210         
2739  30    210         
2740  30    210         
2741  30    210         
2742  30    210         
2743  30    210         
2744  30    210         
2745  30    210         
2746  30    210         
2747  30    210         
2748  30    210         
2749  30    210         
2750  30    210         
2751  30    210         
2752  30    210         
2753  30    210         
2754  30    210         
2755  30    210         
2756  30    210         
2757  30    210         
2758  30    210         
2759  30    210         
2760  30    210         
2761  30    210         
2762  30    210         
2763  30    210         
2764  30    210         
2765  30    210         
2766  30    210         
2767  30    210         
2768  30    210         
2769  30    210         
2770  30    210         
2771  30    210         
2772  30    210         
2773  30    210         
2774  30    210         
2775  30    210         
2776  30    210         
2777  30    210         
2778  30    210         
2779  30    210         
2780  30    210         
2781  30    210         
2782  30    210         
2783  30    210         
2784  30    210         
2785  30    210         
2786  30    210         
2787  30    210         
2788  30    210         
2789  30    210         
2790  30    210         
2791  30    210         
2792  30    210         
2793  30    210         
2794  30    210         
2795  30    210         
2796  30    210         
2797  30    210         
2798  30    210         
2799  30    210         
2800  30    210         
2801  30    210         
2802  30    210         
2803  30    210         
2804  30    210         
2805  30    210         
2806  30    210         
2807  30    210         
2808  30    210         
2809  30    210         
2810  30    210         
2811  30    210         
2812  30    210         
2813  30    210         
2814  30    210         
2815  30    210         
2816  30    210         
2817  30    210         
2818  30    210         
2819  30    210         
2820  30    210         
2821  30    210         
2822  30    210         
2823  30    210         
2824  30    210         
2825  30    210         
2826  30    210         
2827  30    210         
2828  30    210         
2829  30    210         
2830  30    210         
2831  30    210         
2832  30    210         
2833  30    210         
2834  31    210         
2835  30    210         
2836  30    210         
2837  30    210         
2838  30    210         
2839  30    210         
2840  30    210         
2841  30    210         
2842  30    210         
2843  30    210         
2844  30    210         
2845  30    210         
2846  30    210         
2847  30    210         
2848  30    210         
2849  30    210         
2850  30    210         
2851  30    210         
2852  30    210         
2853  30    210         
2854  30    210         
2855  30    210         
2856  30    210         
2857  30    210         
2858  30    210         
2859  30    210         
2860  30    210         
2861  30    210         
2862  30    210         
2863  30    210         
2864  30    210         
2865  30    210         
2866  30    210         
2867  30    210         
2868  30    210         
2869  30    210         
2870  30    210         
2871  30    210         
2872  30    210         
2873  30    210         
2874  30    210         
2875  30    210         
2876  30    210         
2877  30    210         
2878  30    210         
2879  30    210         
2880  30    210         
2881  30    210         
2882  30    210         
2883  30    210         
2884  30    210         
2885  30    210         
2886  30    210         
2887  30    210         
2888  30    210         
2889  30    210         
2890  30    210         
2891  30    210         
2892  30    210         
2893  30    210         
2894  30    210         
2895  30    210         
2896  30    210         
2897  30    210         
2898  30    210         
2899  30    210         
2900  30    210         
2901  30    210         
2902  30    210         
2903  30    210         
2904  30    210         
2905  30    210         
2906  30    210         
2907  30    210         
2908  30    210         
2909  30    210         
2910  30    210         
2911  30    210         
2912  30    210         
2913  30    210         
2914  30    210         
2915  30    210         
2916  30    210         
2917  30    210         
2918  30    210         
2919  30    210         
2920  30    210         
2921  30    210         
2922  30    210         
2923  30    210         
2924  30    210         
2925  30    210         
2926  30    210         
2927  30    210         
2928  30    210         
2929  30    210         
2930  30    210         
2931  30    210         
2932  30    210         
2933  30    210         
2934  30    210         
2935  30    210         
2936  30    210         
2937  30    210         
2938  30    210         
2939  30    210         
2940  30    210         
2941  30    210         
2942  30    210         
2943  30    210         
2944  30    210         
2945  30    210         
2946  30    210         
2947  30    210         
2948  30    210         
2949  30    210         
2950  30    210         
2951  30    210         
2952  30    210         
2953  30    210         
2954  30    210         
2955  30    210         
2956  30    210         
2957  30    210         
2958  30    210         
2959  30    210         
2960  30    210         
2961  30    210         
2962  30    210         
2963  30    210         
2964  30    210         
2965  30    210         
2966  30    210         
2967  30    210         
2968  30    210         
2969  30    210         
2970  30    210         
2971  30    210         
2972  30    210         
2973  30    210         
2974  30    210         
2975  30    210         
2976  30    210         
2977  30    210         
2978  30    210         
2979  30    210         
2980  30    210         
2981  30    210         
2982  30    210         
2983  30    210         
2984  30    210         
2985  30    210         
2986  30    210         
2987  30    210         
2988  30    210         
2989  30    210         
2990  30    210         
2991  30    210         
2992  30    210         
2993  30    210         
2994  30    210         
2995  30    210         
2996  30    210         
2997  30    210         
2998  30    210         
2999  30    210         
3000  30    210         
3001  30    210         
3002  30    210         
3003  30    210         
3004  30    210         
3005  30    210         
3006  30    210         
3007  30    210         
3008  30    210         
3009  30    210         
3010  30    210         
3011  30    210         
3012  30    210         
3013  30    210         
3014  30    210         
3015  30    210         
3016  30    210         
3017  30    210         
3018  30    210         
3019  30    210         
3020  30    210         
3021  30    210         
3022  30    210         
3023  30    210         
3024  30    210         
3025  30    210         
3026  30    210         
3027  30    210         
3028  30    210         
3029  30    210         
3030  30    210         
3031  30    210         
3032  30    210         
3033  30    210         
3034  30    210         
3035  30    210         
3036  30    210         
3037  30    210         
3038  30    210         
3039  30    210         
3040  30    210         
3041  30    210         
3042  30    210         
3043  30    210         
3044  30    210         
3045  30    210         
3046  30    210         
3047  30    210         
3048  30    210         
3049  30    210         
3050  30    210         
3051  30    210         
3052  30    210         
3053  30    210         
3054  30    210         
3055  30    210         
3056  30    210         
3057  30    210         
3058  30    210         
3059  30    210         
3060  30    210         
3061  30    210         
3062  30    210         
3063  30    210         
3064  30    210         
3065  30    210         
3066  30    210         
3067  30    210         
3068  30    210         
3069  30    210         
3070  30    210         
3071  30    210         
3072  30    210         
3073  30    210         
3074  30    210         
3075  30    210         
3076  30    210         
3077  30    210         
3078  30    210         
3079  30    210         
3080  30    210         
3081  30    210         
3082  30    210         
3083  30    210         
3084  30    210         
3085  30    210         
3086  30    210         
3087  30    210         
3088  30    210         
3089  30    210         
3090  30    210         
3091  30    210         
3092  30    210         
3093  30    210         
3094  30    210         
3095  30    210         
3096  30    210         
3097  30    210         
3098  30    210         
3099  30    210         
3100  30    210         
3101  30    210         
3102  30    210         
3103  30    210         
3104  30    210         
3105  30    210         
3106  30    210         
3107  30    210         
3108  30    210         
3109  30    210         
3110  30    210         
3111  30    210         
3112  30    210         
3113  30    210         
3114  30    210         
3115  65    420         
3116  30    210         
3117  30    210         
3118  30    210         
3119  30    210         
3120  30    210         
3121  30    210         
3122  30    210         
3123  30    210         
3124  30    210         
3125  30    210         
3126  30    210         
3127  30    210         
3128  30    210         
3129  30    210         
3130  30    210         
3131  30    210         
3132  30    210         
3133  30    210         
3134  30    210         
3135  30    210         
3136  30    210         
3137  30    210         
3138  30    210         
3139  30    210         
3140  30    210         
3141  30    210         
3142  30    210         
3143  30    210         
3144  30    210         
3145  30    210         
3146  30    210         
3147  30    210         
3148  30    210         
3149  30    210         
3150  30    210         
3151  30    210         
3152  30    210         
3153  30    210         
3154  30    210         
3155  30    210         
3156  30    210         
3157  30    210         
3158  30    210         
3159  30    210         
3160  30    210         
3161  30    210         
3162  30    210         
3163  30    210         
3164  30    210         
3165  30    210         
3166  30    210         
3167  30    210         
3168  30    210         
3169  30    210         
3170  30    210         
3171  30    210         
3172  30    210         
3173  30    210         
3174  30    210         
3175  30    210         
3176  30    210         
3177  30    210         
3178  30    210         
3179  30    210         
3180  30    210         
3181  30    210         
3182  30    210         
3183  30    210         
3184  30    210         
3185  30    210         
3186  30    210         
3187  30    210         
3188  30    210         
3189  30    210         
3190  30    210         
3191  30    210         
3192  30    210         
3193  30    210         
3194  30    210         
3195  30    210         
3196  30    210         
3197  30    210         
3198  30    210         
3199  30    210         
3200  30    210         
3201  30    210         
3202  30    210         
3203  30    210         
3204  30    210         
3205  30    210         
3206  30    210         
3207  30    210         
3208  30    210         
3209  30    210         
3210  30    210         
3211  30    210         
3212  30    210         
3213  30    210         
3214  30    210         
3215  30    210         
3216  30    210         
3217  30    210         
3218  30    210         
3219  30    210         
3220  30    210         
3221  30    210         
3222  30    210         
3223  30    210         
3224  30    210         
3225  30    210         
3226  30    210         
3227  30    210         
3228  30    210         
3229  30    210         
3230  30    210         
3231  30    210         
3232  30    210         
3233  30    210         
3234  30    210         
3235  30    210         
3236  30    210         
3237  30    210         
3238  30    210         
3239  30    210         
3240  30    210         
3241  30    210         
3242  30    210         
3243  30    210         
3244  30    210         
3245  30    210         
3246  30    210         
3247  30    210         
3248  30    210         
3249  30    210         
3250  30    210         
3251  30    210         
3252  30    210         
3253  30    210         
3254  30    210         
3255  30    210         
3256  30    210         
3257  30    210         
3258  30    210         
3259  30    210         
3260  30    210         
